 DATA SET FOR "multall" . GENERATED BY "stagen" .                       
    CP   and   GAMMA 
 1149.9662    1.3300
       ITIMST 
         3
     CFL,    DAMP,    MACHLIM,    F_PDOWN 
  0.400000 10.000000  2.000000  0.000000
  IF_RESTART 
         0
  NSTEPS_MAX, CONLIM 
      9000  0.001000
   SFX,      SFT,      FAC_4TH,     NCHANGE 
  0.005000  0.005000  0.800000      1000
       NUMBER OF BLADE ROWS 
         6
        IM        KM 
        30        30
  FP(I),I=1,IMM1 
  1.000000  1.250000  1.562500  1.953125  2.441406  3.051758  3.814697  4.768372
  5.960464  7.450581  9.313226 11.641532 14.551915 18.189894 20.000000 18.189894
 14.551915 11.641532  9.313226  7.450581  5.960464  4.768372  3.814697  3.051758
  2.441406  1.953125  1.562500  1.250000  1.000000
  FR(K),K=1,KMM1 
  1.000000  1.250000  1.562500  1.953125  2.441406  3.051758  3.814697  4.768372
  5.960464  7.450581  9.313226 11.641532 14.551915 18.189894 20.000000 18.189894
 14.551915 11.641532  9.313226  7.450581  5.960464  4.768372  3.814697  3.051758
  2.441406  1.953125  1.562500  1.250000  1.000000
        IR        JR        KR        IRBB      JRBB      KRBB 
         3         3         3         9         9         9
   FBLK1,     FBLK2,     FBLK3  
  0.400000  0.200000  0.100000
       IFMIX 
         1
   RFMIX,    FEXTRAP,   FSMTHB,    FANGLE 
  0.025000  0.800000  1.000000  0.800000
      IFCOOL    IFBLEED    IF_ROUGH 
         0         0         0
       NSECS_IN 
         3
       IN_PRESS  IN_VTAN   IN_VR    IN_FLOW  IF_REPEAT  RFIN 
         0         0         1         0         0   0.50000
  IPOUT  SFEXIT  NSFEXIT 
    1  0.000000    0
  PLATE_LOSS  THROTTLE_EXIT 
  0.000000  0.000000
        ILOS      NLOS      IBOUND 
        10         5         0
   REYNO,     RF_VIS,   FTRANS, TURBVIS_LIM, PRANDTL, YPLUSWALL
  800000.0     0.500     0.000  3000.000       1.0     0.000
   YPLAM      YPTURB 
  5.000000 25.000000
      ISHIFT    NEXTRAP_LE  NEXTRAP_TE 
         2        10        10
  (NSTG(N),N=1,NROWS) 
         1         1         2         2         3         3
  5  TIME STEPS FOR PRINTOUT 
      9000      9000      9000      9000      9000
  MARKER FOR VARIABLES TO BE SENT TO THE OUTPUT FILE.
 0 0 0 0 0 0 0 0 0 0 0 0 0 0 0 0 0 0 0 0
  STREAM SURFACES ON WHICH RESULTS ARE TO BE SENT TO   THE OUTPUT FILE 
 0 0 0 0 0 0 0 0 0 0 0 0 0 0 0 0 0 0 0 0 0 0 0 0 0 0 0 0 0 0
 ***************************************************************
 ************STARTING THE INPUT FOR EACH BLADE ROW**************
  BLADE ROW NUMBER =        1                                           
    NUMBER OF BLADES IN ROW 
        47
        JM        JLE       JTE 
       111        26        96
      KTIPSTART  KTIPEND 
         0         0
       BOUNDARY LAYER TRANSITION POINTS 
         0         0         0         0
  SET NEWGRID= 1 TO GENERATE A NEW GRID WITH DIFFERENT "J" POINTS AND SPACINGS.
         0
   RPMROW,    RPMHUB 
       0.0       0.0
       JROTHS    JROTHE    JROTTS    JROTTE 
         1         1         1         1
   PUPROW    PLEROW   PTEROW    PDROW 
  152399.5  152399.5  117642.3  117642.3
      NSECS_ROW   INSURF  
         3         0
  IF_CUSP_OUT   IFANGLES 
         1         0
         0         3         0
 ***************************************************************
  ROW NUMBER           1  SECTION NUMBER            1
           0           0           0  IF_DESIGN etc 
   1.00000   0.00000    0
 -0.048405 -0.042421 -0.037088 -0.032335 -0.028100 -0.024325 -0.020961 -0.017964
 -0.015292 -0.012911 -0.010789 -0.008897 -0.007211 -0.005708 -0.004369 -0.003175
 -0.002111 -0.001162 -0.000316  0.000437  0.001110  0.001709  0.002243  0.002719
  0.003144  0.003522  0.003895  0.004285  0.004694  0.005123  0.005573  0.006047
  0.006545  0.007070  0.007622  0.008204  0.008817  0.009462  0.010141  0.010856
  0.011607  0.012395  0.013222  0.014090  0.015001  0.015957  0.016961  0.018016
  0.019124  0.020287  0.021511  0.022800  0.024158  0.025592  0.027119  0.028760
  0.030518  0.032391  0.034374  0.036460  0.038638  0.040873  0.043129  0.045394
  0.047658  0.049915  0.052158  0.054385  0.056610  0.058845  0.061086  0.063332
  0.065579  0.067821  0.070052  0.072253  0.074411  0.076520  0.078576  0.080574
  0.082513  0.084390  0.086214  0.087984  0.089702  0.091367  0.092980  0.094539
  0.096046  0.097499  0.098899  0.100245  0.101538  0.102778  0.103964  0.105096
  0.106234  0.107436  0.108708  0.110052  0.111473  0.112976  0.114564  0.116243
  0.118017  0.119893  0.121876  0.123971  0.126186  0.128528  0.131002
  1.000000  0.000000
 -0.024141 -0.024364 -0.024563 -0.024740 -0.024896 -0.025035 -0.025159 -0.025268
 -0.025366 -0.025453 -0.025530 -0.025598 -0.025659 -0.025714 -0.025762 -0.025805
 -0.025843 -0.025877 -0.025908 -0.025935 -0.025959 -0.025980 -0.025999 -0.026016
 -0.026031 -0.026045 -0.022920 -0.021450 -0.020339 -0.019558 -0.019031 -0.018599
 -0.018187 -0.017795 -0.017419 -0.017058 -0.016706 -0.016359 -0.016016 -0.015677
 -0.015340 -0.015002 -0.014661 -0.014320 -0.013970 -0.013613 -0.013246 -0.012867
 -0.012472 -0.012060 -0.011626 -0.011167 -0.010677 -0.010153 -0.009582 -0.008953
 -0.008260 -0.007495 -0.006652 -0.005725 -0.004715 -0.003629 -0.002479 -0.001268
  0.000000  0.001323  0.002697  0.004121  0.005601  0.007152  0.008771  0.010457
  0.012208  0.014020  0.015887  0.017791  0.019717  0.021662  0.023612  0.025562
  0.027504  0.029433  0.031349  0.033252  0.035137  0.037002  0.038843  0.040656
  0.042438  0.044186  0.045897  0.047566  0.049191  0.050550  0.050884  0.049413
  0.051142  0.052970  0.054903  0.056945  0.059104  0.061385  0.063797  0.066346
  0.069039  0.071886  0.074895  0.078074  0.081434  0.084985  0.088737
  1.000000
  0.000000  0.000000  0.000000  0.000000  0.000000  0.000000  0.000000  0.000000
  0.000000  0.000000  0.000000  0.000000  0.000000  0.000000  0.000000  0.000000
  0.000000  0.000000  0.000000  0.000000  0.000000  0.000000  0.000000  0.000000
  0.000000  0.000000  0.006324  0.009340  0.011437  0.012883  0.013906  0.014782
  0.015595  0.016356  0.017077  0.017760  0.018413  0.019043  0.019639  0.020208
  0.020753  0.021275  0.021776  0.022243  0.022688  0.023109  0.023509  0.023877
  0.024217  0.024528  0.024812  0.025069  0.025286  0.025468  0.025615  0.025728
  0.025789  0.025796  0.025747  0.025642  0.025472  0.025246  0.024960  0.024621
  0.024237  0.023812  0.023350  0.022855  0.022321  0.021757  0.021160  0.020533
  0.019874  0.019194  0.018494  0.017779  0.017054  0.016329  0.015604  0.014884
  0.014169  0.013464  0.012769  0.012083  0.011405  0.010741  0.010089  0.009452
  0.008830  0.008223  0.007634  0.007061  0.006507  0.005752  0.004042  0.000001
  0.000000  0.000000  0.000000  0.000000  0.000000  0.000000  0.000000  0.000000
  0.000000  0.000000  0.000000  0.000000  0.000000  0.000000  0.000000
  1.000000  0.000000
  0.920478  0.920221  0.919958  0.919696  0.919438  0.919188  0.918950  0.918723
  0.918511  0.918312  0.918128  0.917958  0.917801  0.917658  0.917528  0.917408
  0.917300  0.917202  0.917114  0.917034  0.916962  0.916896  0.916838  0.916785
  0.916738  0.916696  0.916623  0.916546  0.916464  0.916379  0.916288  0.916192
  0.916090  0.915983  0.915868  0.915747  0.915618  0.915482  0.915336  0.915182
  0.915019  0.914846  0.914664  0.914470  0.914265  0.914047  0.913817  0.913573
  0.913314  0.913039  0.912748  0.912438  0.912108  0.911758  0.911381  0.910972
  0.910531  0.910057  0.909551  0.909016  0.908454  0.907875  0.907289  0.906700
  0.906110  0.905524  0.904942  0.904368  0.903797  0.903228  0.902662  0.902100
  0.901545  0.900998  0.900463  0.899943  0.899443  0.898963  0.898506  0.898071
  0.897659  0.897269  0.896900  0.896552  0.896223  0.895914  0.895623  0.895351
  0.895096  0.894857  0.894636  0.894430  0.894239  0.894062  0.893899  0.893749
  0.893636  0.893517  0.893392  0.893260  0.893121  0.892974  0.892819  0.892654
  0.892479  0.892291  0.892091  0.891878  0.891650  0.891405  0.891142
 ***************************************************************
  ROW NUMBER           1  SECTION NUMBER            2
           0           0           0  IF_DESIGN etc 
   1.00000   0.00000    0
 -0.055950 -0.049581 -0.043902 -0.038839 -0.034325 -0.030300 -0.026712 -0.023512
 -0.020660 -0.018116 -0.015848 -0.013826 -0.012023 -0.010416 -0.008983 -0.007705
 -0.006566 -0.005550 -0.004644 -0.003837 -0.003117 -0.002475 -0.001902 -0.001392
 -0.000937 -0.000531 -0.000126  0.000298  0.000743  0.001209  0.001699  0.002214
  0.002756  0.003327  0.003928  0.004562  0.005229  0.005932  0.006672  0.007451
  0.008270  0.009130  0.010032  0.010979  0.011973  0.013017  0.014114  0.015267
  0.016477  0.017749  0.019088  0.020497  0.021984  0.023554  0.025226  0.027024
  0.028950  0.031003  0.033177  0.035464  0.037853  0.040305  0.042780  0.045265
  0.047750  0.050225  0.052686  0.055128  0.057568  0.060016  0.062472  0.064932
  0.067391  0.069844  0.072284  0.074688  0.077045  0.079346  0.081587  0.083764
  0.085874  0.087917  0.089898  0.091821  0.093684  0.095489  0.097236  0.098923
  0.100552  0.102121  0.103632  0.105085  0.106478  0.107813  0.109088  0.110306
  0.111523  0.112809  0.114169  0.115607  0.117127  0.118733  0.120432  0.122227
  0.124125  0.126131  0.128252  0.130494  0.132864  0.135369  0.138018
  1.000000  0.000000
 -0.023425 -0.023647 -0.023844 -0.024021 -0.024178 -0.024318 -0.024443 -0.024554
 -0.024653 -0.024742 -0.024821 -0.024891 -0.024954 -0.025010 -0.025060 -0.025104
 -0.025144 -0.025179 -0.025211 -0.025239 -0.025264 -0.025286 -0.025306 -0.025324
 -0.025340 -0.025354 -0.022199 -0.020692 -0.019550 -0.018757 -0.018220 -0.017774
 -0.017361 -0.016963 -0.016582 -0.016214 -0.015858 -0.015512 -0.015167 -0.014827
 -0.014488 -0.014155 -0.013818 -0.013478 -0.013135 -0.012787 -0.012429 -0.012060
 -0.011679 -0.011283 -0.010867 -0.010428 -0.009963 -0.009466 -0.008928 -0.008336
 -0.007686 -0.006970 -0.006181 -0.005320 -0.004380 -0.003370 -0.002302 -0.001177
  0.000000  0.001228  0.002504  0.003826  0.005205  0.006646  0.008151  0.009719
  0.011347  0.013032  0.014768  0.016542  0.018339  0.020151  0.021970  0.023789
  0.025601  0.027400  0.029189  0.030964  0.032725  0.034467  0.036186  0.037880
  0.039545  0.041177  0.042775  0.044334  0.045853  0.047101  0.047306  0.045674
  0.047308  0.049036  0.050863  0.052794  0.054836  0.056994  0.059276  0.061688
  0.064238  0.066934  0.069784  0.072797  0.075983  0.079350  0.082910
  1.000000
  0.000000  0.000000  0.000000  0.000000  0.000000  0.000000  0.000000  0.000000
  0.000000  0.000000  0.000000  0.000000  0.000000  0.000000  0.000000  0.000000
  0.000000  0.000000  0.000000  0.000000  0.000000  0.000000  0.000000  0.000000
  0.000000  0.000000  0.006397  0.009500  0.011667  0.013155  0.014204  0.015101
  0.015935  0.016714  0.017452  0.018154  0.018821  0.019458  0.020076  0.020660
  0.021218  0.021748  0.022255  0.022741  0.023199  0.023627  0.024031  0.024408
  0.024763  0.025082  0.025371  0.025628  0.025851  0.026043  0.026196  0.026304
  0.026365  0.026374  0.026333  0.026224  0.026049  0.025811  0.025517  0.025171
  0.024778  0.024343  0.023870  0.023363  0.022822  0.022245  0.021635  0.020995
  0.020325  0.019629  0.018910  0.018179  0.017440  0.016698  0.015957  0.015217
  0.014488  0.013768  0.013057  0.012353  0.011662  0.010983  0.010317  0.009665
  0.009029  0.008408  0.007806  0.007220  0.006654  0.005880  0.004130  0.000001
  0.000000  0.000000  0.000000  0.000000  0.000000  0.000000  0.000000  0.000000
  0.000000  0.000000  0.000000  0.000000  0.000000  0.000000  0.000000
  1.000000  0.000000
  1.040704  1.040678  1.040652  1.040629  1.040606  1.040586  1.040568  1.040552
  1.040537  1.040524  1.040512  1.040502  1.040493  1.040485  1.040478  1.040472
  1.040466  1.040461  1.040457  1.040453  1.040450  1.040447  1.040444  1.040442
  1.040440  1.040438  1.040439  1.040439  1.040440  1.040441  1.040442  1.040443
  1.040444  1.040445  1.040447  1.040448  1.040450  1.040452  1.040454  1.040456
  1.040458  1.040461  1.040463  1.040466  1.040470  1.040473  1.040477  1.040482
  1.040486  1.040491  1.040497  1.040503  1.040509  1.040516  1.040524  1.040532
  1.040542  1.040552  1.040563  1.040575  1.040587  1.040600  1.040614  1.040627
  1.040640  1.040653  1.040666  1.040679  1.040692  1.040704  1.040716  1.040728
  1.040739  1.040749  1.040760  1.040769  1.040777  1.040785  1.040792  1.040798
  1.040803  1.040807  1.040811  1.040814  1.040816  1.040817  1.040818  1.040818
  1.040818  1.040817  1.040816  1.040815  1.040812  1.040810  1.040808  1.040805
  1.040795  1.040786  1.040777  1.040769  1.040762  1.040756  1.040751  1.040748
  1.040748  1.040753  1.040761  1.040773  1.040789  1.040810  1.040827
 ***************************************************************
  ROW NUMBER           1  SECTION NUMBER            3
           0           0           0  IF_DESIGN etc 
   1.00000   0.00000    0
 -0.065605 -0.058571 -0.052301 -0.046712 -0.041731 -0.037291 -0.033334 -0.029806
 -0.026662 -0.023860 -0.021362 -0.019135 -0.017151 -0.015382 -0.013804 -0.012399
 -0.011145 -0.010028 -0.009032 -0.008144 -0.007353 -0.006647 -0.006018 -0.005457
 -0.004957 -0.004511 -0.004069 -0.003608 -0.003124 -0.002617 -0.002084 -0.001523
 -0.000934 -0.000313  0.000341  0.001029  0.001755  0.002518  0.003322  0.004168
  0.005057  0.005990  0.006969  0.007996  0.009074  0.010206  0.011395  0.012643
  0.013954  0.015332  0.016780  0.018306  0.019914  0.021612  0.023420  0.025363
  0.027443  0.029660  0.032008  0.034478  0.037056  0.039701  0.042372  0.045053
  0.047733  0.050404  0.053058  0.055693  0.058326  0.060970  0.063621  0.066278
  0.068935  0.071586  0.074224  0.076826  0.079376  0.081868  0.084297  0.086658
  0.088948  0.091165  0.093318  0.095408  0.097436  0.099401  0.101303  0.103143
  0.104920  0.106634  0.108285  0.109872  0.111397  0.112858  0.114255  0.115589
  0.116929  0.118345  0.119842  0.121424  0.123096  0.124863  0.126730  0.128704
  0.130789  0.132992  0.135320  0.137779  0.140378  0.143117  0.145990
  1.000000  0.000000
 -0.024006 -0.024236 -0.024442 -0.024627 -0.024791 -0.024939 -0.025071 -0.025189
 -0.025295 -0.025389 -0.025473 -0.025548 -0.025616 -0.025676 -0.025729 -0.025777
 -0.025820 -0.025858 -0.025892 -0.025922 -0.025950 -0.025974 -0.025995 -0.026015
 -0.026032 -0.026047 -0.022679 -0.021053 -0.019832 -0.018985 -0.018412 -0.017934
 -0.017493 -0.017069 -0.016664 -0.016272 -0.015893 -0.015526 -0.015163 -0.014804
 -0.014449 -0.014096 -0.013746 -0.013393 -0.013037 -0.012675 -0.012307 -0.011931
 -0.011542 -0.011138 -0.010718 -0.010276 -0.009809 -0.009312 -0.008776 -0.008189
 -0.007543 -0.006835 -0.006060 -0.005213 -0.004291 -0.003301 -0.002255 -0.001155
  0.000000  0.001201  0.002448  0.003741  0.005089  0.006495  0.007967  0.009501
  0.011095  0.012745  0.014448  0.016186  0.017948  0.019724  0.021508  0.023293
  0.025070  0.026834  0.028589  0.030333  0.032063  0.033774  0.035463  0.037126
  0.038762  0.040365  0.041936  0.043467  0.044960  0.046174  0.046268  0.044383
  0.046009  0.047730  0.049549  0.051472  0.053505  0.055655  0.057929  0.060333
  0.062875  0.065564  0.068407  0.071414  0.074594  0.077959  0.081526
  1.000000
  0.000000  0.000000  0.000000  0.000000  0.000000  0.000000  0.000000  0.000000
  0.000000  0.000000  0.000000  0.000000  0.000000  0.000000  0.000000  0.000000
  0.000000  0.000000  0.000000  0.000000  0.000000  0.000000  0.000000  0.000000
  0.000000  0.000000  0.006817  0.010149  0.012488  0.014089  0.015215  0.016179
  0.017073  0.017910  0.018701  0.019454  0.020172  0.020853  0.021514  0.022143
  0.022742  0.023313  0.023855  0.024371  0.024864  0.025329  0.025762  0.026164
  0.026539  0.026882  0.027198  0.027475  0.027714  0.027915  0.028076  0.028195
  0.028267  0.028277  0.028224  0.028106  0.027918  0.027665  0.027356  0.026986
  0.026569  0.026102  0.025595  0.025051  0.024471  0.023848  0.023195  0.022507
  0.021789  0.021043  0.020273  0.019489  0.018698  0.017898  0.017105  0.016315
  0.015533  0.014761  0.013997  0.013244  0.012503  0.011775  0.011061  0.010363
  0.009680  0.009015  0.008370  0.007742  0.007134  0.006313  0.004438  0.000001
  0.000001  0.000000  0.000000  0.000000  0.000000  0.000000  0.000000  0.000000
  0.000000  0.000000  0.000000  0.000000  0.000000  0.000000  0.000000
  1.000000  0.000000
  1.160471  1.160699  1.160942  1.161191  1.161440  1.161684  1.161919  1.162144
  1.162357  1.162556  1.162742  1.162914  1.163072  1.163217  1.163350  1.163472
  1.163582  1.163682  1.163772  1.163854  1.163928  1.163994  1.164054  1.164108
  1.164156  1.164213  1.164283  1.164358  1.164436  1.164519  1.164607  1.164700
  1.164798  1.164903  1.165015  1.165134  1.165260  1.165394  1.165536  1.165688
  1.165849  1.166020  1.166201  1.166394  1.166598  1.166815  1.167045  1.167290
  1.167551  1.167827  1.168121  1.168435  1.168769  1.169126  1.169510  1.169927
  1.170379  1.170865  1.171385  1.171937  1.172518  1.173117  1.173725  1.174338
  1.174951  1.175563  1.176170  1.176770  1.177367  1.177964  1.178557  1.179146
  1.179729  1.180303  1.180865  1.181411  1.181936  1.182440  1.182921  1.183377
  1.183810  1.184218  1.184605  1.184969  1.185313  1.185637  1.185941  1.186225
  1.186491  1.186738  1.186969  1.187183  1.187380  1.187563  1.187731  1.187878
  1.187987  1.188105  1.188232  1.188369  1.188518  1.188680  1.188857  1.189051
  1.189267  1.189505  1.189767  1.190056  1.190376  1.190763  1.191297
 ***************************************************************
 ************STARTING THE INPUT FOR EACH BLADE ROW**************
  BLADE ROW NUMBER =        2                                           
    NUMBER OF BLADES IN ROW 
        43
        JM        JLE       JTE 
       106        21        91
      KTIPSTART  KTIPEND 
         0         0
       BOUNDARY LAYER TRANSITION POINTS 
         0         0         0         0
  SET NEWGRID= 1 TO GENERATE A NEW GRID WITH DIFFERENT "J" POINTS AND SPACINGS.
         0
   RPMROW,    RPMHUB 
    3800.0    3800.0
       JROTHS    JROTHE    JROTTS    JROTTE 
         1         1         1         1
   PUPROW    PLEROW   PTEROW    PDROW 
  117642.3  117642.3   89490.6   89490.6
      NSECS_ROW   INSURF  
         3         0
  IF_CUSP_OUT   IFANGLES 
         1         0
         0         3         0
 ***************************************************************
  ROW NUMBER           2  SECTION NUMBER            1
           0           0           0  IF_DESIGN etc 
   1.00000   0.00000    0
  0.098093  0.102022  0.105554  0.108737  0.111591  0.114151  0.116445  0.118502
  0.120346  0.121999  0.123481  0.124809  0.126000  0.127068  0.128025  0.128883
  0.129652  0.130342  0.130960  0.131514  0.132011  0.132505  0.133021  0.133562
  0.134129  0.134724  0.135350  0.136009  0.136701  0.137431  0.138199  0.139007
  0.139858  0.140753  0.141695  0.142684  0.143722  0.144810  0.145952  0.147149
  0.148405  0.149724  0.151109  0.152561  0.154087  0.155690  0.157378  0.159155
  0.161031  0.163026  0.165170  0.167464  0.169906  0.172491  0.175208  0.178043
  0.180951  0.183884  0.186828  0.189769  0.192699  0.195611  0.198501  0.201389
  0.204288  0.207196  0.210110  0.213025  0.215935  0.218831  0.221688  0.224490
  0.227230  0.229902  0.232501  0.235023  0.237467  0.239841  0.242148  0.244388
  0.246561  0.248665  0.250702  0.252671  0.254571  0.256403  0.258167  0.259861
  0.261486  0.263042  0.264528  0.266021  0.267601  0.269271  0.271037  0.272905
  0.274880  0.276970  0.279181  0.281520  0.283994  0.286608  0.289372  0.292292
  0.295376  0.298631
  1.000000  0.000000
 -0.023804 -0.022426 -0.021193 -0.020091 -0.019103 -0.018217 -0.017424 -0.016712
 -0.016074 -0.015503 -0.014990 -0.014531 -0.014119 -0.013750 -0.013419 -0.013122
 -0.012856 -0.012617 -0.012404 -0.012212 -0.012040 -0.008539 -0.007539 -0.006708
 -0.005948 -0.005235 -0.004561 -0.003914 -0.003289 -0.002675 -0.002080 -0.001497
 -0.000929 -0.000370  0.000179  0.000711  0.001227  0.001725  0.002212  0.002677
  0.003117  0.003533  0.003929  0.004289  0.004611  0.004899  0.005146  0.005336
  0.005471  0.005548  0.005541  0.005443  0.005244  0.004915  0.004453  0.003848
  0.003088  0.002188  0.001163  0.000000 -0.001287 -0.002690 -0.004199 -0.005822
 -0.007575 -0.009450 -0.011446 -0.013558 -0.015780 -0.018104 -0.020504 -0.022962
 -0.025464 -0.027996 -0.030546 -0.033103 -0.035657 -0.038209 -0.040756 -0.043292
 -0.045810 -0.048304 -0.050769 -0.053199 -0.055590 -0.057935 -0.060230 -0.062471
 -0.064651 -0.066768 -0.069496 -0.071275 -0.073155 -0.075142 -0.077242 -0.079462
 -0.081807 -0.084286 -0.086905 -0.089671 -0.092593 -0.095678 -0.098936 -0.102374
 -0.106002 -0.109826
  1.000000
  0.000000  0.000000  0.000000  0.000000  0.000000  0.000000  0.000000  0.000000
  0.000000  0.000000  0.000000  0.000000  0.000000  0.000000  0.000000  0.000000
  0.000000  0.000000  0.000000  0.000000  0.000000  0.007736  0.010468  0.012361
  0.013970  0.015436  0.016771  0.017954  0.018936  0.019761  0.020524  0.021252
  0.021950  0.022617  0.023263  0.023876  0.024458  0.025014  0.025547  0.026050
  0.026522  0.026965  0.027386  0.027771  0.028120  0.028439  0.028726  0.028970
  0.029174  0.029345  0.029460  0.029527  0.029538  0.029481  0.029353  0.029163
  0.028893  0.028558  0.028180  0.027739  0.027247  0.026715  0.026148  0.025547
  0.024904  0.024223  0.023505  0.022755  0.021976  0.021174  0.020357  0.019526
  0.018697  0.017869  0.017045  0.016230  0.015425  0.014630  0.013846  0.013074
  0.012315  0.011571  0.010843  0.010132  0.009439  0.008765  0.008111  0.007478
  0.006706  0.004798  0.000001  0.000001  0.000000  0.000000  0.000000  0.000000
  0.000000  0.000000  0.000000  0.000000  0.000000  0.000000  0.000000  0.000000
  0.000000  0.000000
  1.000000  0.000000
  0.894762  0.894169  0.893704  0.893389  0.893110  0.892859  0.892634  0.892431
  0.892246  0.892079  0.891928  0.891792  0.891669  0.891558  0.891458  0.891368
  0.891286  0.891213  0.891147  0.891088  0.891034  0.890957  0.890875  0.890787
  0.890693  0.890592  0.890483  0.890366  0.890239  0.890103  0.889955  0.889797
  0.889625  0.889440  0.889240  0.889025  0.888793  0.888543  0.888275  0.887986
  0.887676  0.887341  0.886981  0.886594  0.886178  0.885729  0.885247  0.884726
  0.884166  0.883556  0.882888  0.882158  0.881367  0.880515  0.879606  0.878646
  0.877651  0.876639  0.875621  0.874602  0.873588  0.872587  0.871601  0.870628
  0.869664  0.868716  0.867785  0.866878  0.866000  0.865154  0.864353  0.863599
  0.862897  0.862248  0.861653  0.861112  0.860622  0.860182  0.859789  0.859443
  0.859140  0.858880  0.858660  0.858478  0.858332  0.858220  0.858139  0.858087
  0.858061  0.858059  0.858078  0.858211  0.858347  0.858484  0.858621  0.858757
  0.858889  0.859013  0.859126  0.859224  0.859301  0.859350  0.859363  0.859331
  0.859240  0.859060
 ***************************************************************
  ROW NUMBER           2  SECTION NUMBER            2
           0           0           0  IF_DESIGN etc 
   1.00000   0.00000    0
  0.106640  0.110169  0.113333  0.116170  0.118713  0.120994  0.123038  0.124871
  0.126514  0.127988  0.129309  0.130493  0.131555  0.132507  0.133360  0.134125
  0.134811  0.135426  0.135978  0.136472  0.136915  0.137359  0.137822  0.138308
  0.138817  0.139352  0.139915  0.140508  0.141131  0.141788  0.142481  0.143210
  0.143978  0.144786  0.145637  0.146533  0.147472  0.148458  0.149492  0.150579
  0.151719  0.152918  0.154177  0.155500  0.156890  0.158352  0.159893  0.161518
  0.163233  0.165060  0.167024  0.169129  0.171372  0.173748  0.176247  0.178858
  0.181537  0.184241  0.186957  0.189672  0.192376  0.195065  0.197733  0.200399
  0.203075  0.205758  0.208446  0.211133  0.213813  0.216478  0.219106  0.221680
  0.224194  0.226643  0.229021  0.231327  0.233558  0.235723  0.237823  0.239859
  0.241831  0.243739  0.245582  0.247361  0.249076  0.250727  0.252313  0.253835
  0.255293  0.256687  0.258016  0.259346  0.260751  0.262236  0.263806  0.265466
  0.267221  0.269076  0.271037  0.273110  0.275302  0.277619  0.280068  0.282658
  0.285396  0.288289
  1.000000  0.000000
 -0.000429 -0.000306 -0.000195 -0.000096 -0.000008  0.000072  0.000143  0.000207
  0.000265  0.000316  0.000362  0.000404  0.000441  0.000474  0.000504  0.000531
  0.000555  0.000576  0.000595  0.000613  0.000628  0.004174  0.005918  0.007039
  0.007797  0.008358  0.008851  0.009310  0.009728  0.010117  0.010482  0.010822
  0.011140  0.011438  0.011704  0.011945  0.012159  0.012345  0.012505  0.012630
  0.012717  0.012767  0.012777  0.012748  0.012663  0.012524  0.012326  0.012061
  0.011727  0.011306  0.010778  0.010133  0.009360  0.008454  0.007393  0.006174
  0.004811  0.003322  0.001716  0.000000 -0.001817 -0.003728 -0.005726 -0.007823
 -0.010028 -0.012338 -0.014750 -0.017260 -0.019861 -0.022543 -0.025279 -0.028049
 -0.030839 -0.033636 -0.036432 -0.039208 -0.041959 -0.044690 -0.047398 -0.050078
 -0.052724 -0.055331 -0.057894 -0.060409 -0.062871 -0.065277 -0.067621 -0.069901
 -0.072111 -0.074250 -0.076980 -0.078771 -0.080663 -0.082663 -0.084777 -0.087013
 -0.089375 -0.091873 -0.094512 -0.097303 -0.100252 -0.103370 -0.106665 -0.110148
 -0.113828 -0.117717
  1.000000
  0.000000  0.000000  0.000000  0.000000  0.000000  0.000000  0.000000  0.000000
  0.000000  0.000000  0.000000  0.000000  0.000000  0.000000  0.000000  0.000000
  0.000000  0.000000  0.000000  0.000000  0.000000  0.006994  0.010383  0.012750
  0.014375  0.015521  0.016501  0.017411  0.018263  0.019069  0.019836  0.020565
  0.021261  0.021936  0.022574  0.023184  0.023763  0.024317  0.024848  0.025349
  0.025816  0.026257  0.026670  0.027058  0.027407  0.027722  0.028002  0.028246
  0.028456  0.028624  0.028741  0.028808  0.028818  0.028774  0.028654  0.028463
  0.028204  0.027882  0.027505  0.027075  0.026600  0.026083  0.025530  0.024939
  0.024309  0.023643  0.022942  0.022211  0.021451  0.020665  0.019866  0.019059
  0.018249  0.017439  0.016630  0.015834  0.015048  0.014271  0.013502  0.012747
  0.012005  0.011278  0.010565  0.009870  0.009192  0.008534  0.007895  0.007276
  0.006429  0.004514  0.000001  0.000001  0.000000  0.000000  0.000000  0.000000
  0.000000  0.000000  0.000000  0.000000  0.000000  0.000000  0.000000  0.000000
  0.000000  0.000000
  1.000000  0.000000
  1.040812  1.040805  1.040782  1.040766  1.040756  1.040750  1.040748  1.040750
  1.040755  1.040760  1.040767  1.040773  1.040780  1.040787  1.040793  1.040799
  1.040805  1.040810  1.040815  1.040820  1.040824  1.040826  1.040827  1.040827
  1.040827  1.040827  1.040827  1.040826  1.040825  1.040825  1.040823  1.040821
  1.040819  1.040817  1.040814  1.040810  1.040805  1.040800  1.040795  1.040788
  1.040780  1.040772  1.040762  1.040751  1.040739  1.040725  1.040710  1.040693
  1.040674  1.040653  1.040629  1.040603  1.040573  1.040541  1.040506  1.040469
  1.040429  1.040389  1.040349  1.040308  1.040268  1.040229  1.040190  1.040153
  1.040117  1.040082  1.040049  1.040018  1.039989  1.039963  1.039940  1.039920
  1.039904  1.039891  1.039881  1.039875  1.039871  1.039871  1.039873  1.039878
  1.039886  1.039895  1.039907  1.039922  1.039938  1.039955  1.039975  1.039995
  1.040016  1.040038  1.040061  1.040102  1.040147  1.040194  1.040241  1.040289
  1.040338  1.040387  1.040434  1.040481  1.040525  1.040568  1.040606  1.040637
  1.040660  1.040672
 ***************************************************************
  ROW NUMBER           2  SECTION NUMBER            3
           0           0           0  IF_DESIGN etc 
   1.00000   0.00000    0
  0.113566  0.116874  0.119845  0.122507  0.124894  0.127032  0.128949  0.130666
  0.132206  0.133586  0.134822  0.135931  0.136924  0.137815  0.138613  0.139328
  0.139970  0.140545  0.141060  0.141522  0.141936  0.142347  0.142777  0.143227
  0.143699  0.144194  0.144714  0.145262  0.145838  0.146444  0.147083  0.147755
  0.148462  0.149206  0.149988  0.150811  0.151673  0.152576  0.153524  0.154518
  0.155561  0.156655  0.157804  0.159009  0.160274  0.161604  0.163003  0.164477
  0.166031  0.167684  0.169460  0.171359  0.173381  0.175521  0.177769  0.180115
  0.182519  0.184945  0.187379  0.189810  0.192232  0.194638  0.197026  0.199412
  0.201807  0.204210  0.206617  0.209025  0.211428  0.213821  0.216181  0.218497
  0.220761  0.222969  0.225117  0.227201  0.229222  0.231185  0.233093  0.234946
  0.236743  0.238484  0.240170  0.241799  0.243373  0.244890  0.246350  0.247753
  0.249100  0.250389  0.251620  0.252871  0.254194  0.255593  0.257072  0.258635
  0.260289  0.262037  0.263886  0.265840  0.267907  0.270091  0.272401  0.274843
  0.277425  0.280155
  1.000000  0.000000
  0.015964  0.015193  0.014502  0.013881  0.013326  0.012827  0.012380  0.011980
  0.011620  0.011298  0.011010  0.010751  0.010519  0.010310  0.010124  0.009957
  0.009807  0.009672  0.009552  0.009444  0.009347  0.013922  0.015531  0.016577
  0.017459  0.018247  0.018929  0.019482  0.019873  0.020124  0.020327  0.020498
  0.020637  0.020742  0.020813  0.020850  0.020849  0.020811  0.020731  0.020609
  0.020440  0.020223  0.019952  0.019624  0.019234  0.018777  0.018246  0.017633
  0.016930  0.016121  0.015185  0.014107  0.012878  0.011487  0.009929  0.008201
  0.006324  0.004324  0.002213  0.000000 -0.002304 -0.004692 -0.007155 -0.009710
 -0.012369 -0.015123 -0.017971 -0.020909 -0.023929 -0.027019 -0.030151 -0.033302
 -0.036453 -0.039593 -0.042712 -0.045799 -0.048845 -0.051855 -0.054830 -0.057759
 -0.060641 -0.063471 -0.066245 -0.068957 -0.071606 -0.074186 -0.076693 -0.079125
 -0.081478 -0.083749 -0.086638 -0.088527 -0.090524 -0.092635 -0.094866 -0.097224
 -0.099717 -0.102352 -0.105137 -0.108081 -0.111193 -0.114482 -0.117960 -0.121636
 -0.125517 -0.129621
  1.000000
  0.000000  0.000000  0.000000  0.000000  0.000000  0.000000  0.000000  0.000000
  0.000000  0.000000  0.000000  0.000000  0.000000  0.000000  0.000000  0.000000
  0.000000  0.000000  0.000000  0.000000  0.000000  0.008473  0.011012  0.012844
  0.014436  0.015885  0.017195  0.018355  0.019339  0.020172  0.020953  0.021699
  0.022414  0.023098  0.023752  0.024379  0.024976  0.025545  0.026086  0.026598
  0.027080  0.027534  0.027958  0.028350  0.028710  0.029035  0.029324  0.029575
  0.029785  0.029952  0.030073  0.030140  0.030148  0.030089  0.029961  0.029760
  0.029488  0.029151  0.028756  0.028305  0.027805  0.027264  0.026683  0.026063
  0.025400  0.024703  0.023969  0.023203  0.022407  0.021587  0.020750  0.019904
  0.019058  0.018209  0.017367  0.016533  0.015711  0.014898  0.014094  0.013304
  0.012529  0.011768  0.011024  0.010297  0.009588  0.008899  0.008231  0.007585
  0.006587  0.004548  0.000001  0.000001  0.000000  0.000000  0.000000  0.000000
  0.000000  0.000000  0.000000  0.000000  0.000000  0.000000  0.000000  0.000000
  0.000000  0.000000
  1.000000  0.000000
  1.187649  1.187983  1.188232  1.188465  1.188683  1.188886  1.189075  1.189254
  1.189419  1.189571  1.189710  1.189838  1.189954  1.190061  1.190157  1.190245
  1.190325  1.190397  1.190462  1.190521  1.190574  1.190631  1.190704  1.190783
  1.190867  1.190957  1.191053  1.191156  1.191267  1.191387  1.191515  1.191653
  1.191801  1.191961  1.192133  1.192318  1.192516  1.192728  1.192956  1.193201
  1.193463  1.193745  1.194048  1.194373  1.194722  1.195098  1.195501  1.195935
  1.196403  1.196911  1.197469  1.198077  1.198737  1.199449  1.200209  1.201015
  1.201853  1.202706  1.203571  1.204440  1.205308  1.206173  1.207030  1.207884
  1.208736  1.209584  1.210426  1.211257  1.212073  1.212872  1.213644  1.214383
  1.215087  1.215755  1.216386  1.216978  1.217531  1.218050  1.218534  1.218984
  1.219401  1.219786  1.220141  1.220465  1.220761  1.221030  1.221273  1.221491
  1.221686  1.221859  1.222012  1.222066  1.222084  1.222100  1.222114  1.222125
  1.222134  1.222140  1.222143  1.222143  1.222141  1.222137  1.222130  1.222124
  1.222085  1.222035
 ***************************************************************
 ************STARTING THE INPUT FOR EACH BLADE ROW**************
  BLADE ROW NUMBER =        3                                           
    NUMBER OF BLADES IN ROW 
        42
        JM        JLE       JTE 
       106        21        91
      KTIPSTART  KTIPEND 
         0         0
       BOUNDARY LAYER TRANSITION POINTS 
         0         0         0         0
  SET NEWGRID= 1 TO GENERATE A NEW GRID WITH DIFFERENT "J" POINTS AND SPACINGS.
         0
   RPMROW,    RPMHUB 
       0.0       0.0
       JROTHS    JROTHE    JROTTS    JROTTE 
         1         1         1         1
   PUPROW    PLEROW   PTEROW    PDROW 
   89490.6   89490.6   66738.3   66738.3
      NSECS_ROW   INSURF  
         3         0
  IF_CUSP_OUT   IFANGLES 
         1         0
         0         3         0
 ***************************************************************
  ROW NUMBER           3  SECTION NUMBER            1
           0           0           0  IF_DESIGN etc 
   1.00000   0.00000    0
  0.288976  0.292355  0.295382  0.298092  0.300516  0.302687  0.304632  0.306374
  0.307934  0.309332  0.310585  0.311707  0.312713  0.313613  0.314421  0.315144
  0.315793  0.316374  0.316895  0.317362  0.317780  0.318190  0.318619  0.319067
  0.319537  0.320030  0.320548  0.321093  0.321666  0.322268  0.322902  0.323569
  0.324270  0.325008  0.325783  0.326597  0.327449  0.328342  0.329278  0.330259
  0.331287  0.332365  0.333495  0.334680  0.335923  0.337228  0.338600  0.340043
  0.341564  0.343180  0.344914  0.346767  0.348738  0.350821  0.353008  0.355288
  0.357623  0.359977  0.362338  0.364696  0.367044  0.369376  0.371691  0.374003
  0.376326  0.378656  0.380993  0.383331  0.385667  0.387994  0.390293  0.392550
  0.394759  0.396917  0.399019  0.401061  0.403044  0.404973  0.406851  0.408677
  0.410451  0.412173  0.413842  0.415458  0.417021  0.418530  0.419985  0.421385
  0.422730  0.424020  0.425254  0.426510  0.427839  0.429244  0.430729  0.432300
  0.433960  0.435715  0.437571  0.439532  0.441604  0.443795  0.446109  0.448555
  0.451140  0.453866
  1.000000  0.000000
 -0.029664 -0.029801 -0.029921 -0.030027 -0.030120 -0.030202 -0.030274 -0.030338
 -0.030396 -0.030446 -0.030491 -0.030531 -0.030567 -0.030599 -0.030627 -0.030653
 -0.030675 -0.030696 -0.030714 -0.030730 -0.030744 -0.027129 -0.025453 -0.024184
 -0.023285 -0.022682 -0.022186 -0.021713 -0.021262 -0.020829 -0.020416 -0.020007
 -0.019604 -0.019210 -0.018816 -0.018422 -0.018027 -0.017633 -0.017229 -0.016819
 -0.016400 -0.015966 -0.015517 -0.015049 -0.014558 -0.014040 -0.013491 -0.012904
 -0.012274 -0.011588 -0.010830 -0.009992 -0.009067 -0.008049 -0.006930 -0.005708
 -0.004393 -0.003001 -0.001535  0.000000  0.001600  0.003263  0.004984  0.006777
  0.008650  0.010599  0.012632  0.014742  0.016925  0.019174  0.021467  0.023784
  0.026121  0.028466  0.030809  0.033142  0.035458  0.037760  0.040045  0.042308
  0.044546  0.046757  0.048933  0.051073  0.053171  0.055225  0.057230  0.059182
  0.060832  0.061304  0.059693  0.061762  0.063948  0.066259  0.068701  0.071282
  0.074009  0.076892  0.079937  0.083156  0.086556  0.090149  0.093945  0.097955
  0.102191  0.106663
  1.000000
  0.000000  0.000000  0.000000  0.000000  0.000000  0.000000  0.000000  0.000000
  0.000000  0.000000  0.000000  0.000000  0.000000  0.000000  0.000000  0.000000
  0.000000  0.000000  0.000000  0.000000  0.000000  0.007304  0.010732  0.013121
  0.014770  0.015938  0.016939  0.017869  0.018740  0.019565  0.020343  0.021099
  0.021813  0.022493  0.023145  0.023774  0.024375  0.024937  0.025475  0.025986
  0.026472  0.026923  0.027344  0.027733  0.028098  0.028420  0.028707  0.028957
  0.029170  0.029341  0.029461  0.029531  0.029541  0.029494  0.029370  0.029173
  0.028906  0.028577  0.028190  0.027751  0.027264  0.026736  0.026169  0.025564
  0.024919  0.024232  0.023514  0.022764  0.021986  0.021178  0.020360  0.019531
  0.018701  0.017871  0.017046  0.016229  0.015419  0.014623  0.013838  0.013063
  0.012301  0.011556  0.010826  0.010113  0.009418  0.008744  0.008088  0.007454
  0.006595  0.004639  0.000001  0.000001  0.000000  0.000000  0.000000  0.000000
  0.000000  0.000000  0.000000  0.000000  0.000000  0.000000  0.000000  0.000000
  0.000000  0.000000
  1.000000  0.000000
  0.859364  0.859329  0.859240  0.859099  0.858906  0.858701  0.858491  0.858283
  0.858081  0.857886  0.857702  0.857529  0.857367  0.857217  0.857079  0.856951
  0.856835  0.856728  0.856631  0.856542  0.856462  0.856363  0.856258  0.856146
  0.856027  0.855900  0.855764  0.855618  0.855462  0.855295  0.855116  0.854924
  0.854718  0.854497  0.854260  0.854006  0.853735  0.853445  0.853134  0.852801
  0.852445  0.852064  0.851655  0.851218  0.850750  0.850248  0.849710  0.849132
  0.848511  0.847837  0.847100  0.846298  0.845428  0.844492  0.843493  0.842435
  0.841337  0.840217  0.839082  0.837941  0.836798  0.835658  0.834526  0.833395
  0.832263  0.831131  0.830004  0.828885  0.827779  0.826691  0.825632  0.824610
  0.823627  0.822688  0.821792  0.820943  0.820140  0.819379  0.818660  0.817983
  0.817345  0.816747  0.816188  0.815666  0.815181  0.814731  0.814315  0.813933
  0.813581  0.813259  0.812966  0.812763  0.812551  0.812327  0.812092  0.811844
  0.811583  0.811307  0.811015  0.810705  0.810372  0.810017  0.809639  0.809234
  0.808800  0.808310
 ***************************************************************
  ROW NUMBER           3  SECTION NUMBER            2
           0           0           0  IF_DESIGN etc 
   1.00000   0.00000    0
  0.281308  0.284848  0.288022  0.290867  0.293418  0.295704  0.297754  0.299592
  0.301240  0.302717  0.304041  0.305229  0.306293  0.307247  0.308103  0.308870
  0.309558  0.310174  0.310727  0.311223  0.311667  0.312112  0.312576  0.313063
  0.313574  0.314111  0.314675  0.315269  0.315895  0.316553  0.317248  0.317979
  0.318749  0.319559  0.320413  0.321310  0.322252  0.323241  0.324278  0.325367
  0.326511  0.327713  0.328976  0.330302  0.331696  0.333163  0.334708  0.336337
  0.338057  0.339889  0.341859  0.343970  0.346219  0.348601  0.351108  0.353726
  0.356413  0.359125  0.361849  0.364571  0.367284  0.369980  0.372657  0.375331
  0.378014  0.380706  0.383402  0.386097  0.388785  0.391459  0.394094  0.396676
  0.399198  0.401654  0.404040  0.406353  0.408591  0.410763  0.412870  0.414912
  0.416890  0.418804  0.420653  0.422438  0.424158  0.425814  0.427406  0.428933
  0.430395  0.431794  0.433127  0.434461  0.435871  0.437361  0.438937  0.440602
  0.442363  0.444224  0.446191  0.448271  0.450469  0.452794  0.455250  0.457848
  0.460593  0.463495
  1.000000  0.000000
 -0.026740 -0.026864 -0.026975 -0.027075 -0.027163 -0.027243 -0.027313 -0.027376
 -0.027433 -0.027483 -0.027529 -0.027569 -0.027606 -0.027638 -0.027667 -0.027693
 -0.027717 -0.027738 -0.027756 -0.027773 -0.027788 -0.024331 -0.022679 -0.021428
 -0.020558 -0.019970 -0.019481 -0.019028 -0.018592 -0.018174 -0.017771 -0.017380
 -0.017000 -0.016623 -0.016249 -0.015879 -0.015513 -0.015143 -0.014771 -0.014394
 -0.014013 -0.013620 -0.013216 -0.012799 -0.012364 -0.011908 -0.011428 -0.010918
 -0.010373 -0.009783 -0.009135 -0.008422 -0.007638 -0.006774 -0.005829 -0.004799
 -0.003693 -0.002522 -0.001290  0.000000  0.001346  0.002744  0.004193  0.005704
  0.007284  0.008933  0.010651  0.012436  0.014283  0.016185  0.018130  0.020100
  0.022086  0.024080  0.026074  0.028060  0.030032  0.031993  0.033938  0.035869
  0.037778  0.039663  0.041519  0.043344  0.045133  0.046884  0.048593  0.050257
  0.051625  0.051850  0.050061  0.051852  0.053745  0.055746  0.057862  0.060099
  0.062464  0.064964  0.067607  0.070402  0.073357  0.076481  0.079784  0.083276
  0.086968  0.090869
  1.000000
  0.000000  0.000000  0.000000  0.000000  0.000000  0.000000  0.000000  0.000000
  0.000000  0.000000  0.000000  0.000000  0.000000  0.000000  0.000000  0.000000
  0.000000  0.000000  0.000000  0.000000  0.000000  0.007010  0.010410  0.012786
  0.014416  0.015565  0.016549  0.017462  0.018316  0.019125  0.019894  0.020625
  0.021323  0.022000  0.022640  0.023252  0.023833  0.024389  0.024921  0.025423
  0.025892  0.026334  0.026748  0.027137  0.027487  0.027803  0.028084  0.028329
  0.028539  0.028707  0.028825  0.028892  0.028902  0.028858  0.028737  0.028545
  0.028285  0.027963  0.027584  0.027153  0.026676  0.026158  0.025603  0.025009
  0.024378  0.023709  0.023007  0.022273  0.021511  0.020722  0.019921  0.019112
  0.018298  0.017487  0.016675  0.015876  0.015088  0.014309  0.013538  0.012780
  0.012036  0.011306  0.010591  0.009894  0.009214  0.008554  0.007912  0.007291
  0.006444  0.004526  0.000001  0.000000  0.000000  0.000000  0.000000  0.000000
  0.000000  0.000000  0.000000  0.000000  0.000000  0.000000  0.000000  0.000000
  0.000000  0.000000
  1.000000  0.000000
  1.040622  1.040657  1.040672  1.040672  1.040660  1.040632  1.040596  1.040557
  1.040518  1.040479  1.040442  1.040406  1.040372  1.040341  1.040312  1.040285
  1.040260  1.040238  1.040217  1.040198  1.040181  1.040172  1.040164  1.040156
  1.040147  1.040139  1.040130  1.040121  1.040111  1.040102  1.040093  1.040083
  1.040074  1.040064  1.040055  1.040046  1.040037  1.040028  1.040020  1.040012
  1.040005  1.039998  1.039993  1.039988  1.039984  1.039981  1.039980  1.039980
  1.039982  1.039986  1.039993  1.040002  1.040014  1.040030  1.040049  1.040072
  1.040098  1.040127  1.040158  1.040191  1.040226  1.040262  1.040299  1.040336
  1.040374  1.040413  1.040453  1.040492  1.040530  1.040568  1.040604  1.040639
  1.040671  1.040701  1.040729  1.040755  1.040777  1.040798  1.040817  1.040833
  1.040847  1.040858  1.040868  1.040876  1.040881  1.040885  1.040887  1.040888
  1.040888  1.040886  1.040883  1.040864  1.040845  1.040827  1.040810  1.040795
  1.040783  1.040774  1.040770  1.040771  1.040782  1.040800  1.040826  1.040859
  1.040902  1.040912
 ***************************************************************
  ROW NUMBER           3  SECTION NUMBER            3
           0           0           0  IF_DESIGN etc 
   1.00000   0.00000    0
  0.270064  0.274226  0.277958  0.281305  0.284303  0.286988  0.289394  0.291548
  0.293476  0.295204  0.296751  0.298137  0.299379  0.300492  0.301489  0.302383
  0.303184  0.303902  0.304545  0.305122  0.305639  0.306152  0.306687  0.307248
  0.307836  0.308454  0.309102  0.309784  0.310502  0.311257  0.312052  0.312888
  0.313767  0.314692  0.315665  0.316687  0.317758  0.318880  0.320056  0.321289
  0.322582  0.323939  0.325363  0.326855  0.328421  0.330066  0.331797  0.333618
  0.335538  0.337579  0.339771  0.342114  0.344607  0.347243  0.350012  0.352900
  0.355859  0.358842  0.361835  0.364824  0.367800  0.370757  0.373691  0.376622
  0.379565  0.382517  0.385476  0.388436  0.391392  0.394334  0.397239  0.400089
  0.402878  0.405598  0.408246  0.410818  0.413312  0.415737  0.418095  0.420386
  0.422610  0.424766  0.426855  0.428875  0.430828  0.432711  0.434525  0.436270
  0.437945  0.439550  0.441084  0.442640  0.444283  0.446020  0.447855  0.449792
  0.451839  0.454000  0.456281  0.458689  0.461231  0.463913  0.466742  0.469714
  0.472774  0.475972
  1.000000  0.000000
 -0.028165 -0.028293 -0.028407 -0.028508 -0.028600 -0.028684 -0.028759 -0.028828
 -0.028891 -0.028948 -0.029000 -0.029046 -0.029089 -0.029127 -0.029161 -0.029192
 -0.029219 -0.029244 -0.029267 -0.029287 -0.029305 -0.025447 -0.023572 -0.022168
 -0.021196 -0.020537 -0.019987 -0.019481 -0.018994 -0.018529 -0.018080 -0.017645
 -0.017221 -0.016811 -0.016401 -0.015996 -0.015594 -0.015194 -0.014795 -0.014393
 -0.013985 -0.013570 -0.013146 -0.012711 -0.012260 -0.011790 -0.011298 -0.010779
 -0.010228 -0.009634 -0.008985 -0.008275 -0.007497 -0.006643 -0.005712 -0.004699
 -0.003614 -0.002467 -0.001262  0.000000  0.001316  0.002683  0.004101  0.005578
  0.007124  0.008739  0.010422  0.012172  0.013985  0.015855  0.017765  0.019701
  0.021655  0.023616  0.025578  0.027532  0.029473  0.031405  0.033325  0.035228
  0.037111  0.038970  0.040801  0.042601  0.044366  0.046094  0.047779  0.049421
  0.050754  0.050794  0.048543  0.050343  0.052248  0.054262  0.056392  0.058644
  0.061026  0.063545  0.066210  0.069029  0.072012  0.075168  0.078506  0.082042
  0.085797  0.089777
  1.000000
  0.000000  0.000000  0.000000  0.000000  0.000000  0.000000  0.000000  0.000000
  0.000000  0.000000  0.000000  0.000000  0.000000  0.000000  0.000000  0.000000
  0.000000  0.000000  0.000000  0.000000  0.000000  0.007813  0.011659  0.014356
  0.016200  0.017498  0.018607  0.019636  0.020599  0.021510  0.022375  0.023201
  0.023990  0.024741  0.025471  0.026160  0.026817  0.027443  0.028035  0.028597
  0.029132  0.029635  0.030100  0.030529  0.030923  0.031281  0.031606  0.031882
  0.032114  0.032299  0.032433  0.032511  0.032529  0.032471  0.032335  0.032119
  0.031827  0.031465  0.031038  0.030561  0.030024  0.029441  0.028816  0.028148
  0.027437  0.026684  0.025893  0.025066  0.024209  0.023324  0.022418  0.021507
  0.020592  0.019679  0.018771  0.017870  0.016981  0.016103  0.015238  0.014385
  0.013548  0.012726  0.011923  0.011138  0.010373  0.009630  0.008908  0.008209
  0.007273  0.005119  0.000001  0.000001  0.000000  0.000000  0.000000  0.000000
  0.000000  0.000000  0.000000  0.000000  0.000000  0.000000  0.000000  0.000000
  0.000000  0.000000
  1.000000  0.000000
  1.222136  1.222125  1.222074  1.222021  1.222008  1.222034  1.222094  1.222194
  1.222343  1.222499  1.222659  1.222816  1.222969  1.223116  1.223254  1.223384
  1.223505  1.223617  1.223720  1.223815  1.223902  1.223992  1.224087  1.224188
  1.224297  1.224414  1.224539  1.224674  1.224819  1.224975  1.225143  1.225324
  1.225519  1.225729  1.225955  1.226199  1.226461  1.226742  1.227044  1.227369
  1.227718  1.228093  1.228497  1.228931  1.229398  1.229900  1.230440  1.231023
  1.231652  1.232337  1.233088  1.233910  1.234804  1.235769  1.236802  1.237900
  1.239043  1.240213  1.241399  1.242596  1.243797  1.244994  1.246186  1.247379
  1.248574  1.249769  1.250960  1.252141  1.253310  1.254460  1.255577  1.256656
  1.257692  1.258682  1.259623  1.260516  1.261359  1.262156  1.262909  1.263617
  1.264283  1.264905  1.265487  1.266028  1.266530  1.266994  1.267423  1.267817
  1.268177  1.268506  1.268804  1.268994  1.269202  1.269428  1.269676  1.269948
  1.270247  1.270579  1.270948  1.271363  1.271825  1.272341  1.272916  1.273596
  1.274588  1.275755
 ***************************************************************
 ************STARTING THE INPUT FOR EACH BLADE ROW**************
  BLADE ROW NUMBER =        4                                           
    NUMBER OF BLADES IN ROW 
        42
        JM        JLE       JTE 
       106        21        91
      KTIPSTART  KTIPEND 
         0         0
       BOUNDARY LAYER TRANSITION POINTS 
         0         0         0         0
  SET NEWGRID= 1 TO GENERATE A NEW GRID WITH DIFFERENT "J" POINTS AND SPACINGS.
         0
   RPMROW,    RPMHUB 
    3800.0    3800.0
       JROTHS    JROTHE    JROTTS    JROTTE 
         1         1         1         1
   PUPROW    PLEROW   PTEROW    PDROW 
   66738.3   66738.3   48835.8   48835.8
      NSECS_ROW   INSURF  
         3         0
  IF_CUSP_OUT   IFANGLES 
         1         0
         0         3         0
 ***************************************************************
  ROW NUMBER           4  SECTION NUMBER            1
           0           0           0  IF_DESIGN etc 
   1.00000   0.00000    0
  0.416114  0.420371  0.424221  0.427737  0.430907  0.433751  0.436300  0.438586
  0.440635  0.442471  0.444117  0.445592  0.446915  0.448100  0.449163  0.450115
  0.450969  0.451735  0.452421  0.453036  0.453587  0.454130  0.454697  0.455291
  0.455913  0.456566  0.457251  0.457971  0.458728  0.459525  0.460363  0.461243
  0.462169  0.463142  0.464165  0.465238  0.466362  0.467539  0.468772  0.470063
  0.471415  0.472833  0.474320  0.475876  0.477509  0.479221  0.481021  0.482913
  0.484906  0.487022  0.489292  0.491716  0.494292  0.497014  0.499869  0.502844
  0.505889  0.508958  0.512034  0.515105  0.518161  0.521198  0.524210  0.527219
  0.530241  0.533274  0.536314  0.539358  0.542399  0.545429  0.548423  0.551365
  0.554245  0.557060  0.559802  0.562469  0.565059  0.567581  0.570036  0.572426
  0.574749  0.577006  0.579194  0.581314  0.583366  0.585348  0.587260  0.589102
  0.590873  0.592571  0.594197  0.595834  0.597568  0.599405  0.601351  0.603417
  0.605614  0.607946  0.610418  0.613037  0.615811  0.618746  0.621849  0.625124
  0.628570  0.632180
  1.000000  0.000000
 -0.043509 -0.041111 -0.038969 -0.037063 -0.035357 -0.033829 -0.032460 -0.031233
 -0.030133 -0.029148 -0.028264 -0.027472 -0.026762 -0.026126 -0.025556 -0.025044
 -0.024586 -0.024175 -0.023807 -0.023477 -0.023181 -0.020188 -0.018985 -0.017948
 -0.016992 -0.016087 -0.015218 -0.014373 -0.013545 -0.012720 -0.011907 -0.011102
 -0.010304 -0.009507 -0.008710 -0.007924 -0.007147 -0.006379 -0.005613 -0.004861
 -0.004126 -0.003406 -0.002700 -0.002013 -0.001358 -0.000733 -0.000132  0.000421
  0.000924  0.001386  0.001781  0.002096  0.002328  0.002432  0.002409  0.002244
  0.001911  0.001435  0.000792  0.000000 -0.000925 -0.001999 -0.003204 -0.004542
 -0.006015 -0.007636 -0.009397 -0.011291 -0.013313 -0.015456 -0.017696 -0.020013
 -0.022394 -0.024825 -0.027291 -0.029781 -0.032285 -0.034802 -0.037327 -0.039855
 -0.042377 -0.044888 -0.047380 -0.049847 -0.052283 -0.054683 -0.057038 -0.059347
 -0.061602 -0.063796 -0.066933 -0.068784 -0.070739 -0.072804 -0.074985 -0.077287
 -0.079714 -0.082274 -0.084974 -0.087821 -0.090821 -0.093983 -0.097312 -0.100818
 -0.104507 -0.108389
  1.000000
  0.000000  0.000000  0.000000  0.000000  0.000000  0.000000  0.000000  0.000000
  0.000000  0.000000  0.000000  0.000000  0.000000  0.000000  0.000000  0.000000
  0.000000  0.000000  0.000000  0.000000  0.000000  0.006743  0.009905  0.012210
  0.014088  0.015737  0.017241  0.018635  0.019908  0.021023  0.021935  0.022723
  0.023474  0.024195  0.024892  0.025554  0.026181  0.026780  0.027354  0.027897
  0.028406  0.028883  0.029332  0.029751  0.030128  0.030468  0.030781  0.031045
  0.031263  0.031448  0.031574  0.031645  0.031660  0.031598  0.031462  0.031258
  0.030970  0.030624  0.030206  0.029732  0.029215  0.028650  0.028037  0.027385
  0.026700  0.025973  0.025201  0.024396  0.023560  0.022699  0.021822  0.020937
  0.020048  0.019160  0.018278  0.017404  0.016542  0.015691  0.014850  0.014023
  0.013210  0.012412  0.011632  0.010870  0.010127  0.009405  0.008705  0.008027
  0.007241  0.005227  0.000002  0.000001  0.000000  0.000000  0.000000  0.000000
  0.000000  0.000000  0.000000  0.000000  0.000000  0.000000  0.000000  0.000000
  0.000000  0.000000
  1.000000  0.000000
  0.815460  0.814208  0.813210  0.812567  0.812064  0.811616  0.811215  0.810854
  0.810528  0.810232  0.809965  0.809724  0.809506  0.809310  0.809133  0.808973
  0.808829  0.808699  0.808583  0.808478  0.808383  0.808239  0.808085  0.807920
  0.807742  0.807550  0.807343  0.807120  0.806879  0.806618  0.806336  0.806031
  0.805701  0.805345  0.804960  0.804544  0.804096  0.803614  0.803094  0.802535
  0.801934  0.801286  0.800589  0.799840  0.799034  0.798168  0.797236  0.796233
  0.795152  0.793980  0.792697  0.791298  0.789785  0.788160  0.786431  0.784608
  0.782724  0.780816  0.778897  0.776984  0.775088  0.773219  0.771384  0.769576
  0.767793  0.766041  0.764329  0.762666  0.761062  0.759525  0.758074  0.756720
  0.755467  0.754317  0.753274  0.752335  0.751500  0.750762  0.750119  0.749567
  0.749104  0.748725  0.748428  0.748208  0.748060  0.747980  0.747963  0.748004
  0.748098  0.748239  0.748422  0.748804  0.749188  0.749569  0.749942  0.750290
  0.750586  0.750840  0.751041  0.751180  0.751246  0.751226  0.751106  0.750873
  0.750518  0.750038
 ***************************************************************
  ROW NUMBER           4  SECTION NUMBER            2
           0           0           0  IF_DESIGN etc 
   1.00000   0.00000    0
  0.430317  0.433909  0.437130  0.440018  0.442606  0.444927  0.447008  0.448874
  0.450547  0.452046  0.453391  0.454596  0.455677  0.456646  0.457514  0.458293
  0.458992  0.459618  0.460179  0.460682  0.461133  0.461585  0.462056  0.462551
  0.463069  0.463614  0.464187  0.464790  0.465425  0.466094  0.466799  0.467541
  0.468323  0.469146  0.470013  0.470924  0.471880  0.472884  0.473938  0.475043
  0.476205  0.477425  0.478708  0.480054  0.481469  0.482959  0.484527  0.486182
  0.487928  0.489788  0.491789  0.493932  0.496216  0.498635  0.501180  0.503838
  0.506566  0.509320  0.512085  0.514849  0.517603  0.520340  0.523057  0.525771
  0.528495  0.531227  0.533963  0.536698  0.539425  0.542138  0.544812  0.547432
  0.549991  0.552482  0.554903  0.557248  0.559518  0.561720  0.563857  0.565928
  0.567934  0.569874  0.571748  0.573557  0.575301  0.576980  0.578593  0.580140
  0.581622  0.583039  0.584390  0.585740  0.587167  0.588676  0.590271  0.591957
  0.593740  0.595625  0.597618  0.599725  0.601953  0.604311  0.606804  0.609439
  0.612226  0.615172
  1.000000  0.000000
 -0.000430 -0.000305 -0.000192 -0.000091 -0.000001  0.000080  0.000153  0.000218
  0.000276  0.000329  0.000376  0.000418  0.000455  0.000489  0.000520  0.000547
  0.000571  0.000593  0.000613  0.000630  0.000646  0.004255  0.006031  0.007171
  0.007944  0.008514  0.009016  0.009483  0.009908  0.010305  0.010676  0.011022
  0.011345  0.011649  0.011920  0.012165  0.012383  0.012572  0.012735  0.012862
  0.012950  0.013001  0.013010  0.012981  0.012895  0.012753  0.012550  0.012281
  0.011940  0.011512  0.010973  0.010317  0.009530  0.008607  0.007526  0.006285
  0.004897  0.003382  0.001747  0.000000 -0.001849 -0.003794 -0.005828 -0.007962
 -0.010206 -0.012557 -0.015012 -0.017566 -0.020213 -0.022942 -0.025726 -0.028546
 -0.031385 -0.034231 -0.037077 -0.039902 -0.042703 -0.045483 -0.048240 -0.050968
 -0.053662 -0.056316 -0.058926 -0.061488 -0.063996 -0.066446 -0.068835 -0.071157
 -0.073409 -0.075588 -0.078370 -0.080198 -0.082129 -0.084171 -0.086329 -0.088610
 -0.091021 -0.093569 -0.096263 -0.099110 -0.102118 -0.105298 -0.108657 -0.112207
 -0.115957 -0.119919
  1.000000
  0.000000  0.000000  0.000000  0.000000  0.000000  0.000000  0.000000  0.000000
  0.000000  0.000000  0.000000  0.000000  0.000000  0.000000  0.000000  0.000000
  0.000000  0.000000  0.000000  0.000000  0.000000  0.007119  0.010569  0.012978
  0.014632  0.015798  0.016796  0.017723  0.018590  0.019410  0.020191  0.020933
  0.021641  0.022328  0.022978  0.023599  0.024188  0.024753  0.025293  0.025802
  0.026278  0.026727  0.027147  0.027542  0.027897  0.028218  0.028503  0.028752
  0.028965  0.029136  0.029256  0.029324  0.029334  0.029289  0.029167  0.028972
  0.028708  0.028381  0.027997  0.027560  0.027076  0.026550  0.025987  0.025385
  0.024744  0.024066  0.023353  0.022609  0.021835  0.021035  0.020222  0.019400
  0.018575  0.017751  0.016928  0.016117  0.015317  0.014527  0.013744  0.012975
  0.012220  0.011479  0.010755  0.010047  0.009357  0.008687  0.008036  0.007406
  0.006544  0.004595  0.000001  0.000001  0.000000  0.000000  0.000000  0.000000
  0.000000  0.000000  0.000000  0.000000  0.000000  0.000000  0.000000  0.000000
  0.000000  0.000000
  1.000000  0.000000
  1.040888  1.040872  1.040829  1.040800  1.040782  1.040772  1.040769  1.040774
  1.040783  1.040794  1.040805  1.040818  1.040831  1.040843  1.040854  1.040866
  1.040876  1.040886  1.040895  1.040904  1.040911  1.040916  1.040915  1.040915
  1.040913  1.040912  1.040910  1.040907  1.040903  1.040899  1.040894  1.040888
  1.040881  1.040873  1.040863  1.040852  1.040839  1.040825  1.040809  1.040790
  1.040770  1.040747  1.040721  1.040692  1.040660  1.040624  1.040585  1.040542
  1.040494  1.040441  1.040381  1.040314  1.040241  1.040161  1.040075  1.039983
  1.039888  1.039790  1.039692  1.039593  1.039497  1.039403  1.039311  1.039222
  1.039136  1.039054  1.038976  1.038904  1.038837  1.038776  1.038724  1.038679
  1.038642  1.038613  1.038593  1.038580  1.038576  1.038578  1.038587  1.038602
  1.038624  1.038651  1.038683  1.038721  1.038762  1.038808  1.038857  1.038908
  1.038963  1.039019  1.039076  1.039175  1.039287  1.039403  1.039521  1.039641
  1.039762  1.039883  1.040003  1.040120  1.040232  1.040335  1.040429  1.040507
  1.040568  1.040604
 ***************************************************************
  ROW NUMBER           4  SECTION NUMBER            3
           0           0           0  IF_DESIGN etc 
   1.00000   0.00000    0
  0.439659  0.443110  0.446219  0.449003  0.451496  0.453728  0.455727  0.457517
  0.459121  0.460557  0.461843  0.462995  0.464027  0.464952  0.465780  0.466522
  0.467187  0.467783  0.468317  0.468796  0.469225  0.469644  0.470082  0.470540
  0.471019  0.471522  0.472050  0.472604  0.473187  0.473799  0.474442  0.475118
  0.475829  0.476575  0.477358  0.478179  0.479039  0.479938  0.480879  0.481863
  0.482894  0.483973  0.485103  0.486286  0.487524  0.488822  0.490184  0.491615
  0.493120  0.494717  0.496426  0.498251  0.500186  0.502229  0.504369  0.506596
  0.508873  0.511166  0.513461  0.515752  0.518030  0.520292  0.522535  0.524776
  0.527026  0.529284  0.531548  0.533816  0.536083  0.538343  0.540578  0.542775
  0.544929  0.547036  0.549091  0.551092  0.553037  0.554934  0.556784  0.558586
  0.560341  0.562047  0.563704  0.565312  0.566869  0.568377  0.569832  0.571236
  0.572588  0.573886  0.575130  0.576440  0.577825  0.579292  0.580843  0.582484
  0.584220  0.586057  0.588000  0.590056  0.592230  0.594529  0.596960  0.599530
  0.602246  0.605123
  1.000000  0.000000
  0.024439  0.023183  0.022056  0.021045  0.020138  0.019326  0.018598  0.017945
  0.017359  0.016834  0.016364  0.015942  0.015564  0.015224  0.014920  0.014648
  0.014403  0.014184  0.013988  0.013811  0.013654  0.017563  0.019818  0.021372
  0.022522  0.023474  0.024306  0.025043  0.025686  0.026195  0.026536  0.026696
  0.026777  0.026813  0.026804  0.026758  0.026666  0.026528  0.026340  0.026100
  0.025801  0.025443  0.025024  0.024538  0.023978  0.023337  0.022610  0.021786
  0.020856  0.019800  0.018594  0.017222  0.015673  0.013936  0.012006  0.009888
  0.007603  0.005185  0.002647  0.000000 -0.002745 -0.005577 -0.008483 -0.011485
 -0.014596 -0.017814 -0.021135 -0.024550 -0.028048 -0.031618 -0.035228 -0.038850
 -0.042472 -0.046072 -0.049639 -0.053164 -0.056637 -0.060064 -0.063443 -0.066768
 -0.070038 -0.073243 -0.076379 -0.079444 -0.082432 -0.085340 -0.088164 -0.090900
 -0.093544 -0.096094 -0.099330 -0.101446 -0.103682 -0.106045 -0.108543 -0.111183
 -0.113973 -0.116922 -0.120039 -0.123334 -0.126816 -0.130497 -0.134388 -0.138500
 -0.142847 -0.147432
  1.000000
  0.000000  0.000000  0.000000  0.000000  0.000000  0.000000  0.000000  0.000000
  0.000000  0.000000  0.000000  0.000000  0.000000  0.000000  0.000000  0.000000
  0.000000  0.000000  0.000000  0.000000  0.000000  0.006708  0.010105  0.012611
  0.014622  0.016380  0.017983  0.019466  0.020841  0.022073  0.023134  0.024014
  0.024818  0.025585  0.026314  0.027018  0.027689  0.028328  0.028933  0.029507
  0.030046  0.030552  0.031027  0.031467  0.031870  0.032234  0.032559  0.032841
  0.033077  0.033266  0.033403  0.033480  0.033491  0.033426  0.033281  0.033059
  0.032758  0.032384  0.031945  0.031446  0.030890  0.030287  0.029642  0.028953
  0.028221  0.027445  0.026628  0.025775  0.024890  0.023979  0.023050  0.022112
  0.021167  0.020225  0.019288  0.018361  0.017447  0.016543  0.015652  0.014774
  0.013909  0.013064  0.012236  0.011428  0.010640  0.009874  0.009132  0.008413
  0.007238  0.004963  0.000001  0.000001  0.000000  0.000000  0.000000  0.000000
  0.000000  0.000000  0.000000  0.000000  0.000000  0.000000  0.000000  0.000000
  0.000000  0.000000
  1.000000  0.000000
  1.268533  1.269053  1.269454  1.269836  1.270196  1.270536  1.270856  1.271160
  1.271442  1.271703  1.271943  1.272164  1.272367  1.272551  1.272720  1.272873
  1.273012  1.273138  1.273252  1.273355  1.273449  1.273569  1.273697  1.273833
  1.273978  1.274134  1.274301  1.274481  1.274673  1.274880  1.275103  1.275343
  1.275601  1.275879  1.276177  1.276499  1.276843  1.277214  1.277611  1.278039
  1.278498  1.278991  1.279522  1.280092  1.280705  1.281364  1.282075  1.282840
  1.283666  1.284565  1.285552  1.286632  1.287805  1.289072  1.290429  1.291868
  1.293367  1.294897  1.296448  1.298010  1.299572  1.301129  1.302673  1.304212
  1.305750  1.307280  1.308799  1.310298  1.311772  1.313213  1.314605  1.315939
  1.317209  1.318414  1.319550  1.320617  1.321615  1.322549  1.323421  1.324233
  1.324986  1.325683  1.326324  1.326913  1.327451  1.327941  1.328385  1.328786
  1.329147  1.329469  1.329755  1.329816  1.329876  1.329934  1.329989  1.330041
  1.330089  1.330134  1.330175  1.330212  1.330245  1.330273  1.330298  1.330320
  1.330341  1.330268
 ***************************************************************
 ************STARTING THE INPUT FOR EACH BLADE ROW**************
  BLADE ROW NUMBER =        5                                           
    NUMBER OF BLADES IN ROW 
        42
        JM        JLE       JTE 
       106        21        91
      KTIPSTART  KTIPEND 
         0         0
       BOUNDARY LAYER TRANSITION POINTS 
         0         0         0         0
  SET NEWGRID= 1 TO GENERATE A NEW GRID WITH DIFFERENT "J" POINTS AND SPACINGS.
         0
   RPMROW,    RPMHUB 
       0.0       0.0
       JROTHS    JROTHE    JROTTS    JROTTE 
         1         1         1         1
   PUPROW    PLEROW   PTEROW    PDROW 
   48835.8   48835.8   34813.1   34813.1
      NSECS_ROW   INSURF  
         3         0
  IF_CUSP_OUT   IFANGLES 
         1         0
         0         3         0
 ***************************************************************
  ROW NUMBER           5  SECTION NUMBER            1
           0           0           0  IF_DESIGN etc 
   1.00000   0.00000    0
  0.616696  0.620541  0.623987  0.627070  0.629809  0.632254  0.634441  0.636397
  0.638146  0.639711  0.641112  0.642365  0.643487  0.644491  0.645390  0.646195
  0.646916  0.647561  0.648139  0.648657  0.649121  0.649556  0.650008  0.650481
  0.650975  0.651493  0.652035  0.652603  0.653198  0.653823  0.654478  0.655164
  0.655884  0.656637  0.657426  0.658251  0.659112  0.660009  0.660945  0.661921
  0.662939  0.664002  0.665110  0.666265  0.667470  0.668728  0.670042  0.671417
  0.672857  0.674378  0.675999  0.677722  0.679541  0.681452  0.683447  0.685513
  0.687620  0.689734  0.691846  0.693950  0.696040  0.698115  0.700173  0.702231
  0.704300  0.706381  0.708474  0.710578  0.712689  0.714804  0.716906  0.718984
  0.721034  0.723051  0.725031  0.726972  0.728872  0.730737  0.732568  0.734364
  0.736125  0.737848  0.739534  0.741180  0.742785  0.744348  0.745867  0.747341
  0.748767  0.750145  0.751473  0.752867  0.754343  0.755904  0.757555  0.759303
  0.761151  0.763106  0.765173  0.767357  0.769666  0.772107  0.774687  0.777405
  0.780193  0.783106
  1.000000  0.000000
 -0.038527 -0.038698 -0.038845 -0.038972 -0.039081 -0.039176 -0.039259 -0.039331
 -0.039394 -0.039449 -0.039498 -0.039540 -0.039578 -0.039611 -0.039640 -0.039666
 -0.039689 -0.039710 -0.039728 -0.039744 -0.039758 -0.035257 -0.033267 -0.031714
 -0.030616 -0.029880 -0.029274 -0.028692 -0.028137 -0.027611 -0.027091 -0.026584
 -0.026087 -0.025589 -0.025095 -0.024599 -0.024098 -0.023595 -0.023079 -0.022551
 -0.022008 -0.021445 -0.020858 -0.020244 -0.019597 -0.018912 -0.018182 -0.017400
 -0.016556 -0.015635 -0.014617 -0.013490 -0.012243 -0.010868 -0.009356 -0.007704
 -0.005927 -0.004047 -0.002069  0.000000  0.002154  0.004389  0.006694  0.009096
  0.011605  0.014218  0.016934  0.019742  0.022648  0.025638  0.028686  0.031767
  0.034864  0.037971  0.041074  0.044161  0.047225  0.050270  0.053292  0.056286
  0.059243  0.062165  0.065043  0.067873  0.070648  0.073366  0.076019  0.078604
  0.080842  0.081631  0.079835  0.082555  0.085431  0.088469  0.091679  0.095071
  0.098654  0.102439  0.106438  0.110662  0.115123  0.119835  0.124811  0.130062
  0.135569  0.141367
  1.000000
  0.000000  0.000000  0.000000  0.000000  0.000000  0.000000  0.000000  0.000000
  0.000000  0.000000  0.000000  0.000000  0.000000  0.000000  0.000000  0.000000
  0.000000  0.000000  0.000000  0.000000  0.000000  0.009063  0.013105  0.015993
  0.017976  0.019383  0.020595  0.021720  0.022775  0.023767  0.024727  0.025631
  0.026490  0.027320  0.028120  0.028873  0.029595  0.030280  0.030941  0.031556
  0.032137  0.032694  0.033203  0.033674  0.034109  0.034508  0.034854  0.035155
  0.035415  0.035623  0.035768  0.035850  0.035861  0.035804  0.035653  0.035415
  0.035092  0.034694  0.034225  0.033693  0.033104  0.032463  0.031771  0.031034
  0.030252  0.029415  0.028546  0.027632  0.026689  0.025715  0.024723  0.023713
  0.022703  0.021696  0.020695  0.019704  0.018726  0.017755  0.016802  0.015864
  0.014937  0.014032  0.013147  0.012282  0.011438  0.010620  0.009824  0.009054
  0.008036  0.005672  0.000001  0.000001  0.000000  0.000000  0.000000  0.000000
  0.000000  0.000000  0.000000  0.000000  0.000000  0.000000  0.000000  0.000000
  0.000000  0.000000
  1.000000  0.000000
  0.751226  0.751149  0.750955  0.750682  0.750361  0.750013  0.749654  0.749293
  0.748940  0.748600  0.748275  0.747970  0.747684  0.747418  0.747172  0.746946
  0.746738  0.746548  0.746374  0.746216  0.746072  0.745897  0.745711  0.745513
  0.745301  0.745075  0.744832  0.744572  0.744293  0.743994  0.743672  0.743326
  0.742954  0.742554  0.742123  0.741661  0.741165  0.740633  0.740063  0.739450
  0.738792  0.738086  0.737327  0.736511  0.735635  0.734693  0.733679  0.732586
  0.731407  0.730125  0.728717  0.727177  0.725503  0.723695  0.721759  0.719704
  0.717563  0.715375  0.713155  0.710917  0.708676  0.706440  0.704218  0.702000
  0.699780  0.697565  0.695362  0.693182  0.691032  0.688924  0.686881  0.684915
  0.683035  0.681245  0.679549  0.677948  0.676442  0.675024  0.673691  0.672442
  0.671274  0.670186  0.669174  0.668237  0.667370  0.666573  0.665840  0.665170
  0.664559  0.664003  0.663500  0.663130  0.662743  0.662337  0.661910  0.661463
  0.660994  0.660500  0.659980  0.659430  0.658849  0.658237  0.657590  0.656887
  0.655959  0.654904
 ***************************************************************
  ROW NUMBER           5  SECTION NUMBER            2
           0           0           0  IF_DESIGN etc 
   1.00000   0.00000    0
  0.608348  0.611970  0.615217  0.618129  0.620739  0.623077  0.625173  0.627052
  0.628736  0.630246  0.631599  0.632813  0.633900  0.634876  0.635750  0.636534
  0.637236  0.637866  0.638431  0.638938  0.639392  0.639846  0.640321  0.640819
  0.641341  0.641890  0.642467  0.643074  0.643714  0.644387  0.645097  0.645844
  0.646631  0.647461  0.648333  0.649251  0.650214  0.651225  0.652286  0.653400
  0.654570  0.655799  0.657090  0.658446  0.659872  0.661372  0.662953  0.664619
  0.666379  0.668253  0.670268  0.672427  0.674728  0.677166  0.679731  0.682409
  0.685158  0.687934  0.690721  0.693507  0.696283  0.699043  0.701782  0.704518
  0.707265  0.710020  0.712779  0.715537  0.718288  0.721025  0.723722  0.726365
  0.728947  0.731461  0.733903  0.736270  0.738561  0.740783  0.742940  0.745030
  0.747055  0.749013  0.750906  0.752733  0.754493  0.756188  0.757817  0.759379
  0.760876  0.762307  0.763672  0.765036  0.766479  0.768004  0.769616  0.771320
  0.773122  0.775026  0.777039  0.779167  0.781417  0.783795  0.786309  0.788967
  0.791776  0.794746
  1.000000  0.000000
 -0.027378 -0.027507 -0.027621 -0.027723 -0.027813 -0.027894 -0.027965 -0.028028
 -0.028085 -0.028136 -0.028181 -0.028221 -0.028257 -0.028290 -0.028319 -0.028345
 -0.028368 -0.028388 -0.028407 -0.028424 -0.028439 -0.024901 -0.023210 -0.021929
 -0.021039 -0.020437 -0.019937 -0.019473 -0.019027 -0.018599 -0.018186 -0.017786
 -0.017397 -0.017011 -0.016628 -0.016249 -0.015874 -0.015496 -0.015115 -0.014729
 -0.014339 -0.013937 -0.013524 -0.013096 -0.012651 -0.012185 -0.011693 -0.011172
 -0.010614 -0.010010 -0.009347 -0.008618 -0.007815 -0.006931 -0.005965 -0.004911
 -0.003778 -0.002581 -0.001320  0.000000  0.001377  0.002808  0.004291  0.005837
  0.007454  0.009142  0.010900  0.012727  0.014617  0.016565  0.018555  0.020571
  0.022605  0.024646  0.026687  0.028720  0.030738  0.032746  0.034737  0.036713
  0.038667  0.040596  0.042496  0.044364  0.046195  0.047988  0.049736  0.051439
  0.052839  0.053069  0.051239  0.053071  0.055009  0.057056  0.059221  0.061510
  0.063930  0.066487  0.069192  0.072051  0.075073  0.078269  0.081648  0.085220
  0.088994  0.092983
  1.000000
  0.000000  0.000000  0.000000  0.000000  0.000000  0.000000  0.000000  0.000000
  0.000000  0.000000  0.000000  0.000000  0.000000  0.000000  0.000000  0.000000
  0.000000  0.000000  0.000000  0.000000  0.000000  0.007173  0.010652  0.013083
  0.014751  0.015928  0.016934  0.017868  0.018742  0.019570  0.020356  0.021105
  0.021819  0.022512  0.023167  0.023793  0.024387  0.024956  0.025501  0.026014
  0.026494  0.026947  0.027370  0.027768  0.028126  0.028449  0.028737  0.028988
  0.029203  0.029375  0.029496  0.029564  0.029574  0.029529  0.029406  0.029209
  0.028943  0.028613  0.028225  0.027785  0.027297  0.026766  0.026198  0.025591
  0.024945  0.024261  0.023542  0.022791  0.022011  0.021204  0.020385  0.019556
  0.018724  0.017893  0.017063  0.016246  0.015439  0.014642  0.013852  0.013077
  0.012315  0.011569  0.010838  0.010124  0.009429  0.008753  0.008096  0.007461
  0.006594  0.004631  0.000001  0.000000  0.000000  0.000000  0.000000  0.000000
  0.000000  0.000000  0.000000  0.000000  0.000000  0.000000  0.000000  0.000000
  0.000000  0.000000
  1.000000  0.000000
  1.040477  1.040563  1.040604  1.040611  1.040591  1.040547  1.040476  1.040400
  1.040321  1.040243  1.040167  1.040095  1.040026  1.039962  1.039902  1.039847
  1.039796  1.039749  1.039707  1.039668  1.039633  1.039597  1.039570  1.039551
  1.039532  1.039512  1.039492  1.039471  1.039450  1.039429  1.039407  1.039385
  1.039363  1.039340  1.039318  1.039296  1.039274  1.039253  1.039233  1.039213
  1.039194  1.039177  1.039160  1.039146  1.039134  1.039123  1.039116  1.039111
  1.039109  1.039112  1.039119  1.039131  1.039150  1.039175  1.039207  1.039247
  1.039293  1.039345  1.039402  1.039464  1.039530  1.039598  1.039669  1.039742
  1.039817  1.039894  1.039971  1.040049  1.040127  1.040203  1.040276  1.040347
  1.040415  1.040478  1.040536  1.040590  1.040640  1.040685  1.040726  1.040762
  1.040795  1.040823  1.040847  1.040867  1.040883  1.040896  1.040906  1.040913
  1.040917  1.040918  1.040917  1.040904  1.040882  1.040861  1.040840  1.040820
  1.040802  1.040786  1.040773  1.040767  1.040765  1.040769  1.040778  1.040793
  1.040791  1.040774
 ***************************************************************
  ROW NUMBER           5  SECTION NUMBER            3
           0           0           0  IF_DESIGN etc 
   1.00000   0.00000    0
  0.588880  0.593818  0.598249  0.602221  0.605789  0.608983  0.611841  0.614397
  0.616683  0.618724  0.620547  0.622179  0.623639  0.624945  0.626115  0.627162
  0.628099  0.628938  0.629690  0.630364  0.630967  0.631560  0.632179  0.632825
  0.633502  0.634212  0.634956  0.635737  0.636557  0.637419  0.638324  0.639274
  0.640271  0.641317  0.642415  0.643565  0.644767  0.646024  0.647337  0.648710
  0.650146  0.651648  0.653218  0.654859  0.656576  0.658373  0.660257  0.662233
  0.664308  0.666506  0.668858  0.671363  0.674018  0.676814  0.679741  0.682783
  0.685890  0.689014  0.692141  0.695258  0.698357  0.701433  0.704483  0.707531
  0.710592  0.713665  0.716750  0.719841  0.722934  0.726022  0.729079  0.732090
  0.735046  0.737942  0.740772  0.743533  0.746222  0.748849  0.751416  0.753922
  0.756366  0.758747  0.761065  0.763318  0.765505  0.767626  0.769677  0.771660
  0.773571  0.775410  0.777176  0.779000  0.780926  0.782959  0.785103  0.787366
  0.789751  0.792266  0.794916  0.797707  0.800644  0.803677  0.806735  0.809879
  0.813108  0.816419
  1.000000  0.000000
 -0.031542 -0.031686 -0.031814 -0.031929 -0.032030 -0.032120 -0.032203 -0.032279
 -0.032348 -0.032413 -0.032472 -0.032526 -0.032575 -0.032620 -0.032660 -0.032697
 -0.032730 -0.032760 -0.032786 -0.032811 -0.032833 -0.028362 -0.026166 -0.024536
 -0.023410 -0.022645 -0.022007 -0.021420 -0.020857 -0.020319 -0.019801 -0.019299
 -0.018811 -0.018337 -0.017870 -0.017407 -0.016949 -0.016494 -0.016040 -0.015586
 -0.015129 -0.014663 -0.014189 -0.013703 -0.013204 -0.012686 -0.012145 -0.011577
 -0.010976 -0.010331 -0.009627 -0.008860 -0.008021 -0.007106 -0.006108 -0.005024
 -0.003860 -0.002635 -0.001347  0.000000  0.001404  0.002864  0.004377  0.005955
  0.007607  0.009333  0.011133  0.013005  0.014945  0.016947  0.018993  0.021067
  0.023161  0.025261  0.027365  0.029463  0.031548  0.033622  0.035683  0.037726
  0.039748  0.041744  0.043710  0.045643  0.047538  0.049392  0.051203  0.052965
  0.054397  0.054313  0.051522  0.053479  0.055550  0.057741  0.060057  0.062508
  0.065101  0.067845  0.070748  0.073821  0.077073  0.080520  0.084178  0.088059
  0.092175  0.096542
  1.000000
  0.000000  0.000000  0.000000  0.000000  0.000000  0.000000  0.000000  0.000000
  0.000000  0.000000  0.000000  0.000000  0.000000  0.000000  0.000000  0.000000
  0.000000  0.000000  0.000000  0.000000  0.000000  0.009041  0.013530  0.016675
  0.018825  0.020335  0.021626  0.022823  0.023943  0.025003  0.026010  0.026970
  0.027888  0.028762  0.029605  0.030413  0.031177  0.031904  0.032595  0.033249
  0.033865  0.034448  0.034996  0.035496  0.035955  0.036369  0.036739  0.037061
  0.037340  0.037555  0.037712  0.037801  0.037815  0.037746  0.037596  0.037347
  0.037010  0.036589  0.036094  0.035530  0.034906  0.034228  0.033502  0.032725
  0.031898  0.031023  0.030104  0.029143  0.028146  0.027118  0.026070  0.025011
  0.023948  0.022882  0.021826  0.020780  0.019748  0.018728  0.017721  0.016730
  0.015757  0.014802  0.013868  0.012955  0.012066  0.011201  0.010363  0.009550
  0.008488  0.005991  0.000002  0.000001  0.000000  0.000000  0.000000  0.000000
  0.000000  0.000000  0.000000  0.000000  0.000000  0.000000  0.000000  0.000000
  0.000000  0.000000
  1.000000  0.000000
  1.330192  1.330265  1.330310  1.330341  1.330253  1.330211  1.330231  1.330310
  1.330439  1.330646  1.330894  1.331151  1.331409  1.331662  1.331906  1.332138
  1.332357  1.332561  1.332752  1.332928  1.333090  1.333247  1.333415  1.333595
  1.333788  1.333995  1.334218  1.334458  1.334716  1.334996  1.335297  1.335622
  1.335974  1.336354  1.336764  1.337206  1.337683  1.338196  1.338750  1.339346
  1.339989  1.340683  1.341431  1.342238  1.343108  1.344047  1.345062  1.346159
  1.347347  1.348643  1.350071  1.351638  1.353347  1.355198  1.357187  1.359305
  1.361516  1.363783  1.366088  1.368416  1.370752  1.373087  1.375411  1.377735
  1.380063  1.382389  1.384705  1.387001  1.389265  1.391487  1.393643  1.395719
  1.397705  1.399597  1.401389  1.403082  1.404675  1.406175  1.407584  1.408905
  1.410139  1.411289  1.412358  1.413347  1.414261  1.415102  1.415873  1.416578
  1.417221  1.417804  1.418332  1.418692  1.419084  1.419513  1.419982  1.420498
  1.421068  1.421703  1.422409  1.423192  1.424062  1.425102  1.426421  1.427961
  1.429745  1.431796
 ***************************************************************
 ************STARTING THE INPUT FOR EACH BLADE ROW**************
  BLADE ROW NUMBER =        6                                           
    NUMBER OF BLADES IN ROW 
        42
        JM        JLE       JTE 
       111        21        91
      KTIPSTART  KTIPEND 
         0         0
       BOUNDARY LAYER TRANSITION POINTS 
         0         0         0         0
  SET NEWGRID= 1 TO GENERATE A NEW GRID WITH DIFFERENT "J" POINTS AND SPACINGS.
         0
   RPMROW,    RPMHUB 
    3800.0    3800.0
       JROTHS    JROTHE    JROTTS    JROTTE 
         1         1         1         1
   PUPROW    PLEROW   PTEROW    PDROW 
   34813.1   34813.1   24192.5   24192.5
      NSECS_ROW   INSURF  
         3         0
  IF_CUSP_OUT   IFANGLES 
         1         0
         0         3         0
 ***************************************************************
  ROW NUMBER           6  SECTION NUMBER            1
           0           0           0  IF_DESIGN etc 
   1.00000   0.00000    0
  0.731862  0.736549  0.740884  0.744888  0.748580  0.751999  0.755214  0.758102
  0.760694  0.763020  0.765105  0.766974  0.768649  0.770152  0.771499  0.772706
  0.773789  0.774759  0.775629  0.776409  0.777108  0.777788  0.778497  0.779238
  0.780013  0.780824  0.781675  0.782567  0.783502  0.784484  0.785514  0.786594
  0.787727  0.788914  0.790158  0.791459  0.792818  0.794236  0.795716  0.797260
  0.798873  0.800556  0.802314  0.804148  0.806062  0.808062  0.810154  0.812343
  0.814638  0.817062  0.819649  0.822399  0.825304  0.828357  0.831543  0.834844
  0.838207  0.841580  0.844947  0.848297  0.851620  0.854912  0.858172  0.861424
  0.864686  0.867958  0.871239  0.874525  0.877813  0.881095  0.884344  0.887544
  0.890688  0.893770  0.896784  0.899727  0.902597  0.905403  0.908148  0.910831
  0.913452  0.916008  0.918500  0.920926  0.923284  0.925573  0.927791  0.929938
  0.932010  0.934006  0.935925  0.937999  0.940243  0.942671  0.945298  0.948141
  0.951217  0.954547  0.958152  0.962053  0.966278  0.970851  0.975801  0.981160
  0.986962  0.993240  1.000035  1.007384  1.015333  1.023923  1.033202
  1.000000  0.000000
 -0.102071 -0.096574 -0.091703 -0.087383 -0.083547 -0.080142 -0.077131 -0.074436
 -0.072023 -0.069862 -0.067927 -0.066193 -0.064639 -0.063247 -0.061999 -0.060882
 -0.059880 -0.058982 -0.058177 -0.057456 -0.056810 -0.053190 -0.051375 -0.049763
 -0.048247 -0.046787 -0.045352 -0.043918 -0.042495 -0.041068 -0.039633 -0.038186
 -0.036722 -0.035241 -0.033736 -0.032215 -0.030684 -0.029142 -0.027586 -0.026016
 -0.024430 -0.022833 -0.021236 -0.019637 -0.018037 -0.016437 -0.014838 -0.013265
 -0.011710 -0.010160 -0.008634 -0.007152 -0.005727 -0.004398 -0.003200 -0.002147
 -0.001300 -0.000643 -0.000220  0.000000  0.000010 -0.000193 -0.000573 -0.001167
 -0.001951 -0.002915 -0.004087 -0.005444 -0.006969 -0.008679 -0.010543 -0.012536
 -0.014641 -0.016831 -0.019109 -0.021450 -0.023838 -0.026271 -0.028741 -0.031238
 -0.033753 -0.036275 -0.038797 -0.041309 -0.043805 -0.046275 -0.048712 -0.051108
 -0.053459 -0.055755 -0.059234 -0.061126 -0.063167 -0.065371 -0.067748 -0.070315
 -0.073086 -0.076077 -0.079307 -0.082795 -0.086563 -0.090635 -0.095037 -0.099796
 -0.104946 -0.110522 -0.116562 -0.123113 -0.130224 -0.137952 -0.146364
  1.000000
  0.000000  0.000000  0.000000  0.000000  0.000000  0.000000  0.000000  0.000000
  0.000000  0.000000  0.000000  0.000000  0.000000  0.000000  0.000000  0.000000
  0.000000  0.000000  0.000000  0.000000  0.000000  0.007385  0.011160  0.014111
  0.016552  0.018680  0.020620  0.022425  0.024099  0.025641  0.027012  0.028141
  0.029097  0.029995  0.030864  0.031691  0.032478  0.033225  0.033933  0.034607
  0.035247  0.035850  0.036407  0.036920  0.037391  0.037822  0.038211  0.038536
  0.038814  0.039043  0.039202  0.039292  0.039306  0.039240  0.039069  0.038821
  0.038456  0.038034  0.037512  0.036927  0.036287  0.035570  0.034834  0.034015
  0.033159  0.032256  0.031304  0.030299  0.029271  0.028204  0.027117  0.026014
  0.024907  0.023812  0.022715  0.021629  0.020558  0.019500  0.018456  0.017428
  0.016417  0.015427  0.014458  0.013514  0.012591  0.011694  0.010823  0.009983
  0.009065  0.006610  0.000001  0.000001  0.000000  0.000000  0.000000  0.000000
  0.000000  0.000000  0.000000  0.000000  0.000000  0.000000  0.000000  0.000000
  0.000000  0.000000  0.000000  0.000000  0.000000  0.000000  0.000000
  1.000000  0.000000
  0.674198  0.671001  0.668401  0.666308  0.664637  0.663360  0.662515  0.661770
  0.661110  0.660522  0.659997  0.659526  0.659105  0.658728  0.658390  0.658087
  0.657815  0.657571  0.657353  0.657157  0.656981  0.656764  0.656533  0.656285
  0.656021  0.655738  0.655433  0.655106  0.654755  0.654376  0.653968  0.653528
  0.653054  0.652544  0.651993  0.651400  0.650763  0.650077  0.649339  0.648546
  0.647691  0.646771  0.645780  0.644714  0.643564  0.642325  0.640987  0.639542
  0.637979  0.636274  0.634398  0.632339  0.630094  0.627663  0.625049  0.622266
  0.619357  0.616372  0.613334  0.610261  0.607171  0.604077  0.600991  0.597897
  0.594789  0.591674  0.588563  0.585469  0.582403  0.579380  0.576434  0.573583
  0.570839  0.568210  0.565702  0.563317  0.561057  0.558912  0.556879  0.554957
  0.553143  0.551436  0.549832  0.548329  0.546924  0.545614  0.544394  0.543262
  0.542214  0.541246  0.540354  0.539728  0.539068  0.538375  0.537650  0.536892
  0.536105  0.535290  0.534452  0.533596  0.532728  0.531857  0.530993  0.530151
  0.529346  0.528600  0.527937  0.527389  0.526992  0.526793  0.526845
 ***************************************************************
  ROW NUMBER           6  SECTION NUMBER            2
           0           0           0  IF_DESIGN etc 
   1.00000   0.00000    0
  0.756794  0.760611  0.764032  0.767100  0.769850  0.772316  0.774526  0.776508
  0.778285  0.779879  0.781307  0.782588  0.783736  0.784765  0.785688  0.786516
  0.787257  0.787923  0.788519  0.789053  0.789533  0.790012  0.790513  0.791038
  0.791589  0.792168  0.792777  0.793417  0.794092  0.794802  0.795551  0.796339
  0.797170  0.798044  0.798964  0.799932  0.800948  0.802014  0.803133  0.804307
  0.805541  0.806837  0.808199  0.809628  0.811131  0.812713  0.814379  0.816136
  0.817990  0.819966  0.822090  0.824365  0.826791  0.829359  0.832062  0.834884
  0.837781  0.840705  0.843641  0.846577  0.849501  0.852408  0.855293  0.858175
  0.861068  0.863970  0.866876  0.869781  0.872678  0.875560  0.878401  0.881184
  0.883902  0.886549  0.889121  0.891614  0.894026  0.896366  0.898637  0.900839
  0.902970  0.905033  0.907026  0.908949  0.910803  0.912588  0.914303  0.915949
  0.917525  0.919032  0.920469  0.921905  0.923457  0.925131  0.926939  0.928890
  0.930997  0.933271  0.935727  0.938377  0.941239  0.944328  0.947663  0.951264
  0.955151  0.959347  0.963877  0.968768  0.974048  0.979749  0.985904
  1.000000  0.000000
 -0.000459 -0.000326 -0.000207 -0.000099 -0.000003  0.000083  0.000160  0.000229
  0.000291  0.000347  0.000397  0.000441  0.000482  0.000518  0.000550  0.000579
  0.000605  0.000628  0.000649  0.000667  0.000684  0.004519  0.006404  0.007616
  0.008437  0.009043  0.009575  0.010072  0.010524  0.010945  0.011339  0.011707
  0.012050  0.012373  0.012661  0.012921  0.013153  0.013354  0.013527  0.013661
  0.013756  0.013809  0.013819  0.013788  0.013697  0.013546  0.013331  0.013045
  0.012684  0.012228  0.011656  0.010959  0.010123  0.009143  0.007995  0.006677
  0.005203  0.003593  0.001855  0.000000 -0.001965 -0.004031 -0.006192 -0.008459
 -0.010842 -0.013340 -0.015948 -0.018662 -0.021473 -0.024372 -0.027330 -0.030325
 -0.033341 -0.036363 -0.039386 -0.042386 -0.045360 -0.048312 -0.051239 -0.054135
 -0.056995 -0.059812 -0.062583 -0.065301 -0.067962 -0.070562 -0.073096 -0.075560
 -0.077949 -0.080260 -0.083212 -0.085149 -0.087240 -0.089497 -0.091934 -0.094565
 -0.097406 -0.100473 -0.103784 -0.107359 -0.111219 -0.115386 -0.119885 -0.124743
 -0.129987 -0.135648 -0.141760 -0.148358 -0.155479 -0.163166 -0.171461
  1.000000
  0.000000  0.000000  0.000000  0.000000  0.000000  0.000000  0.000000  0.000000
  0.000000  0.000000  0.000000  0.000000  0.000000  0.000000  0.000000  0.000000
  0.000000  0.000000  0.000000  0.000000  0.000000  0.007562  0.011228  0.013787
  0.015544  0.016783  0.017843  0.018828  0.019749  0.020621  0.021450  0.022238
  0.022991  0.023720  0.024410  0.025071  0.025696  0.026296  0.026870  0.027411
  0.027916  0.028394  0.028840  0.029259  0.029636  0.029977  0.030280  0.030544
  0.030771  0.030952  0.031080  0.031152  0.031163  0.031115  0.030986  0.030779
  0.030498  0.030151  0.029742  0.029278  0.028764  0.028205  0.027607  0.026967
  0.026286  0.025566  0.024809  0.024018  0.023196  0.022346  0.021483  0.020610
  0.019733  0.018858  0.017983  0.017122  0.016272  0.015432  0.014601  0.013784
  0.012982  0.012195  0.011425  0.010673  0.009940  0.009229  0.008537  0.007868
  0.006952  0.004881  0.000001  0.000001  0.000000  0.000000  0.000000  0.000000
  0.000000  0.000000  0.000000  0.000000  0.000000  0.000000  0.000000  0.000000
  0.000000  0.000000  0.000000  0.000000  0.000000  0.000000  0.000000
  1.000000  0.000000
  1.040900  1.040916  1.040917  1.040873  1.040837  1.040810  1.040790  1.040776
  1.040769  1.040766  1.040765  1.040766  1.040769  1.040772  1.040775  1.040779
  1.040783  1.040787  1.040790  1.040794  1.040797  1.040798  1.040797  1.040794
  1.040792  1.040790  1.040787  1.040783  1.040779  1.040774  1.040769  1.040762
  1.040755  1.040748  1.040739  1.040729  1.040718  1.040706  1.040692  1.040677
  1.040660  1.040641  1.040620  1.040597  1.040572  1.040544  1.040513  1.040479
  1.040442  1.040401  1.040355  1.040303  1.040247  1.040185  1.040118  1.040046
  1.039970  1.039893  1.039814  1.039734  1.039654  1.039575  1.039497  1.039420
  1.039343  1.039267  1.039193  1.039121  1.039051  1.038984  1.038921  1.038862
  1.038808  1.038758  1.038713  1.038674  1.038638  1.038607  1.038580  1.038558
  1.038539  1.038524  1.038512  1.038504  1.038499  1.038497  1.038497  1.038500
  1.038505  1.038512  1.038520  1.038569  1.038630  1.038697  1.038769  1.038847
  1.038932  1.039024  1.039124  1.039232  1.039347  1.039471  1.039603  1.039743
  1.039891  1.040045  1.040205  1.040367  1.040528  1.040684  1.040827
 ***************************************************************
  ROW NUMBER           6  SECTION NUMBER            3
           0           0           0  IF_DESIGN etc 
   1.00000   0.00000    0
  0.765943  0.770040  0.773762  0.777141  0.780277  0.783083  0.785594  0.787839
  0.789848  0.791644  0.793252  0.794691  0.795978  0.797130  0.798161  0.799085
  0.799911  0.800651  0.801314  0.801907  0.802439  0.802948  0.803478  0.804030
  0.804607  0.805210  0.805840  0.806500  0.807190  0.807913  0.808669  0.809460
  0.810287  0.811151  0.812053  0.812994  0.813972  0.814990  0.816048  0.817148
  0.818290  0.819478  0.820712  0.821993  0.823324  0.824706  0.826143  0.827639
  0.829197  0.830831  0.832564  0.834391  0.836307  0.838306  0.840374  0.842499
  0.844647  0.846785  0.848904  0.850997  0.853061  0.855096  0.857100  0.859092
  0.861083  0.863075  0.865069  0.867064  0.869058  0.871049  0.873023  0.874970
  0.876887  0.878772  0.880621  0.882434  0.884208  0.885950  0.887661  0.889342
  0.890991  0.892608  0.894192  0.895741  0.897254  0.898729  0.900166  0.901563
  0.902917  0.904228  0.905493  0.907045  0.908727  0.910549  0.912524  0.914665
  0.916987  0.919506  0.922237  0.925199  0.928413  0.931900  0.935683  0.939788
  0.944241  0.949070  0.954307  0.959983  0.966132  0.972788  0.979987
  1.000000  0.000000
  0.045036  0.042565  0.040344  0.038348  0.036549  0.034936  0.033490  0.032193
  0.031031  0.029989  0.029054  0.028217  0.027466  0.026792  0.026189  0.025647
  0.025162  0.024727  0.024337  0.023987  0.023673  0.027514  0.029604  0.031332
  0.032843  0.034191  0.035382  0.036468  0.037447  0.038338  0.039128  0.039784
  0.040253  0.040467  0.040366  0.040127  0.039831  0.039450  0.039000  0.038467
  0.037845  0.037138  0.036333  0.035415  0.034393  0.033250  0.031975  0.030549
  0.028963  0.027193  0.025195  0.022949  0.020432  0.017650  0.014591  0.011252
  0.007669  0.003915  0.000000 -0.004058 -0.008251 -0.012544 -0.016938 -0.021459
 -0.026132 -0.030944 -0.035888 -0.040958 -0.046141 -0.051425 -0.056745 -0.062071
 -0.067382 -0.072654 -0.077875 -0.083020 -0.088081 -0.093068 -0.097979 -0.102806
 -0.107542 -0.112182 -0.116719 -0.121148 -0.125463 -0.129657 -0.133727 -0.137667
 -0.141472 -0.145139 -0.149763 -0.152799 -0.156077 -0.159615 -0.163434 -0.167557
 -0.172008 -0.176812 -0.181997 -0.187594 -0.193635 -0.200154 -0.207189 -0.214780
 -0.222971 -0.231808 -0.241341 -0.251623 -0.262712 -0.274669 -0.287560
  1.000000
  0.000000  0.000000  0.000000  0.000000  0.000000  0.000000  0.000000  0.000000
  0.000000  0.000000  0.000000  0.000000  0.000000  0.000000  0.000000  0.000000
  0.000000  0.000000  0.000000  0.000000  0.000000  0.007362  0.011220  0.014452
  0.017302  0.019906  0.022303  0.024563  0.026700  0.028741  0.030681  0.032494
  0.034130  0.035525  0.036625  0.037610  0.038560  0.039454  0.040309  0.041116
  0.041876  0.042599  0.043270  0.043881  0.044449  0.044964  0.045423  0.045817
  0.046147  0.046415  0.046611  0.046723  0.046732  0.046649  0.046456  0.046149
  0.045719  0.045201  0.044591  0.043896  0.043117  0.042276  0.041378  0.040419
  0.039391  0.038305  0.037166  0.035978  0.034744  0.033465  0.032168  0.030856
  0.029539  0.028224  0.026913  0.025618  0.024341  0.023075  0.021829  0.020603
  0.019398  0.018216  0.017060  0.015930  0.014828  0.013759  0.012719  0.011717
  0.009941  0.006747  0.000001  0.000000  0.000000  0.000000  0.000000  0.000000
  0.000000  0.000000  0.000000  0.000000  0.000000  0.000000  0.000000  0.000000
  0.000000  0.000000  0.000000  0.000000  0.000000  0.000000  0.000000
  1.000000  0.000000
  1.414438  1.416005  1.417283  1.418322  1.418951  1.419539  1.420092  1.420609
  1.421092  1.421542  1.421961  1.422347  1.422702  1.423027  1.423324  1.423594
  1.423841  1.424064  1.424267  1.424451  1.424617  1.424813  1.425022  1.425246
  1.425485  1.425742  1.426017  1.426314  1.426632  1.426976  1.427346  1.427745
  1.428175  1.428639  1.429139  1.429678  1.430259  1.430883  1.431555  1.432279
  1.433058  1.433898  1.434803  1.435778  1.436830  1.437965  1.439191  1.440517
  1.441953  1.443519  1.445247  1.447145  1.449216  1.451465  1.453884  1.456467
  1.459171  1.461952  1.464788  1.467664  1.470562  1.473472  1.476382  1.479307
  1.482255  1.485218  1.488187  1.491152  1.494099  1.497017  1.499873  1.502649
  1.505333  1.507918  1.510397  1.512767  1.515026  1.517182  1.519238  1.521195
  1.523053  1.524816  1.526483  1.528058  1.529543  1.530939  1.532249  1.533477
  1.534624  1.535695  1.536691  1.537266  1.537874  1.538515  1.539191  1.539901
  1.540644  1.541421  1.542230  1.543069  1.543936  1.544827  1.545737  1.546661
  1.547593  1.548524  1.549443  1.550340  1.551200  1.552009  1.552748
  STARTING INLET BOUNDARY CONDITION DATA .
  NUMBER OF POINTS FOR INLET BOUNDARY CONDITIONS 
        30
  SPACING OF INLET BOUNDARY CONDITION POINTS 
  1.000000  1.250000  1.562500  1.953125  2.441406  3.051758  3.814697  4.768372
  5.960464  7.450581  9.313226 11.641532 14.551915 18.189894 20.000000 18.189894
 14.551915 11.641532  9.313226  7.450581  5.960464  4.768372  3.814697  3.051758
  2.441406  1.953125  1.562500  1.250000  1.000000
   INLET STAGNATION PRESSURES 
  176000.0  176000.0  176000.0  176000.0  176000.0  176000.0  176000.0  176000.0
  176000.0  176000.0  176000.0  176000.0  176000.0  176000.0  176000.0  176000.0
  176000.0  176000.0  176000.0  176000.0  176000.0  176000.0  176000.0  176000.0
  176000.0  176000.0  176000.0  176000.0  176000.0  176000.0
   INLET STAGNATION TEMPERATURES 
 1360.0000 1359.9999 1359.9999 1360.0000 1359.9999 1360.0000 1360.0000 1360.0000
 1360.0000 1360.0001 1360.0000 1360.0000 1360.0001 1360.0000 1360.0000 1360.0000
 1360.0000 1360.0000 1360.0000 1360.0000 1360.0000 1360.0000 1360.0000 1360.0000
 1360.0000 1360.0000 1360.0000 1360.0000 1360.0000 1360.0000
   INLET ABSOLUTE TANGENTIAL VELOCITY 
    0.0000    0.0000    0.0000    0.0000    0.0000    0.0000    0.0000    0.0000
    0.0000    0.0000    0.0000    0.0000    0.0000    0.0000    0.0000    0.0000
    0.0000    0.0000    0.0000    0.0000    0.0000    0.0000    0.0000    0.0000
    0.0000    0.0000    0.0000    0.0000    0.0000    0.0000
   INLET MERIDIONAL VELOCITY 
  331.3141  331.3141  331.3141  331.3141  331.3141  331.3141  331.3141  331.3141
  331.3141  331.3141  331.3141  331.3141  331.3141  331.3141  331.3141  331.3141
  331.3141  331.3141  331.3141  331.3141  331.3141  331.3141  331.3141  331.3141
  331.3141  331.3141  331.3141  331.3141  331.3141  331.3141
   INLET MERIDIONAL YAW ANGLE  
    0.0000    0.0000    0.0000    0.0000    0.0000    0.0000    0.0000    0.0000
    0.0000    0.0000    0.0000    0.0000    0.0000    0.0000    0.0000    0.0000
    0.0000    0.0000    0.0000    0.0000    0.0000    0.0000    0.0000    0.0000
    0.0000    0.0000    0.0000    0.0000    0.0000    0.0000
   INLET PITCH ANGLE 
   -0.8952   -0.8859   -0.8743   -0.8599   -0.8418   -0.8191   -0.7909   -0.7555
   -0.7113   -0.6561   -0.5870   -0.5007   -0.3928   -0.2580   -0.0894    0.0960
    0.2645    0.3994    0.5073    0.5936    0.6626    0.7179    0.7621    0.7974
    0.8257    0.8483    0.8664    0.8809    0.8925    0.9018
   PDOWN_HUB   PDOWN_TIP 
   24192.5   24192.5
 MIXING LENGTH LIMITS ON ALL BLADE ROWS
  0.050000  0.050000  0.050000  0.050000  0.050000  0.030000
  0.050000  0.050000  0.050000  0.050000  0.050000  0.030000
  0.050000  0.050000  0.050000  0.050000  0.050000  0.030000
  0.050000  0.050000  0.050000  0.050000  0.050000  0.030000
  0.050000  0.050000  0.050000  0.050000  0.050000  0.030000
  0.050000  0.050000  0.050000  0.050000  0.050000  0.030000
  FACTOR TO INCREASE THE TURBULENT VISCOSITY OVER THE FIRST NMIXUP STEPS 
   2.00000 1000
