 DATA SET FOR "multall" . GENERATED BY "stagen" .                       
    CP   and   GAMMA 
 1149.9662    1.3300
       ITIMST 
         3
     CFL,    DAMP,    MACHLIM,    F_PDOWN 
  0.400000 10.000000  2.000000  0.000000
  IF_RESTART 
         0
  NSTEPS_MAX, CONLIM 
      9000  0.001000
   SFX,      SFT,      FAC_4TH,     NCHANGE 
  0.005000  0.005000  0.800000      1000
       NUMBER OF BLADE ROWS 
         2
        IM        KM 
        30        30
  FP(I),I=1,IMM1 
  1.000000  1.250000  1.562500  1.953125  2.441406  3.051758  3.814697  4.768372
  5.960464  7.450581  9.313226 11.641532 14.551915 18.189894 20.000000 18.189894
 14.551915 11.641532  9.313226  7.450581  5.960464  4.768372  3.814697  3.051758
  2.441406  1.953125  1.562500  1.250000  1.000000
  FR(K),K=1,KMM1 
  1.000000  1.250000  1.562500  1.953125  2.441406  3.051758  3.814697  4.768372
  5.960464  7.450581  9.313226 11.641532 14.551915 18.189894 20.000000 18.189894
 14.551915 11.641532  9.313226  7.450581  5.960464  4.768372  3.814697  3.051758
  2.441406  1.953125  1.562500  1.250000  1.000000
        IR        JR        KR        IRBB      JRBB      KRBB 
         3         3         3         9         9         9
   FBLK1,     FBLK2,     FBLK3  
  0.400000  0.200000  0.100000
       IFMIX 
         1
   RFMIX,    FEXTRAP,   FSMTHB,    FANGLE 
  0.025000  0.800000  1.000000  0.800000
      IFCOOL    IFBLEED    IF_ROUGH 
         0         0         0
       NSECS_IN 
         3
       IN_PRESS  IN_VTAN   IN_VR    IN_FLOW  IF_REPEAT  RFIN 
         0         0         1         0         0   0.50000
  IPOUT  SFEXIT  NSFEXIT 
    1  0.000000    0
  PLATE_LOSS  THROTTLE_EXIT 
  0.000000  0.000000
        ILOS      NLOS      IBOUND 
        10         5         0
   REYNO,     RF_VIS,   FTRANS, TURBVIS_LIM, PRANDTL, YPLUSWALL
  800000.0     0.500     0.000  3000.000       1.0     0.000
   YPLAM      YPTURB 
  5.000000 25.000000
      ISHIFT    NEXTRAP_LE  NEXTRAP_TE 
         2        10        10
  (NSTG(N),N=1,NROWS) 
         1         1
  5  TIME STEPS FOR PRINTOUT 
      9000      9000      9000      9000      9000
  MARKER FOR VARIABLES TO BE SENT TO THE OUTPUT FILE.
 0 0 0 0 0 0 0 0 0 0 0 0 0 0 0 0 0 0 0 0
  STREAM SURFACES ON WHICH RESULTS ARE TO BE SENT TO   THE OUTPUT FILE 
 0 0 0 0 0 0 0 0 0 0 0 0 0 0 0 0 0 0 0 0 0 0 0 0 0 0 0 0 0 0
 ***************************************************************
 ************STARTING THE INPUT FOR EACH BLADE ROW**************
  BLADE ROW NUMBER =        1                                           
    NUMBER OF BLADES IN ROW 
       104
        JM        JLE       JTE 
       111        26        96
      KTIPSTART  KTIPEND 
         0         0
       BOUNDARY LAYER TRANSITION POINTS 
         0         0         0         0
  SET NEWGRID= 1 TO GENERATE A NEW GRID WITH DIFFERENT "J" POINTS AND SPACINGS.
         0
   RPMROW,    RPMHUB 
       0.0       0.0
       JROTHS    JROTHE    JROTTS    JROTTE 
         1         1         1         1
   PUPROW    PLEROW   PTEROW    PDROW 
  153015.0  153015.0   77514.2   77514.2
      NSECS_ROW   INSURF  
         3         0
  IF_CUSP_OUT   IFANGLES 
         1         0
         0         3         0
 ***************************************************************
  ROW NUMBER           1  SECTION NUMBER            1
           0           0           0  IF_DESIGN etc 
   1.00000   0.00000    0
 -0.046143 -0.041300 -0.036973 -0.033116 -0.029683 -0.026630 -0.023916 -0.021506
 -0.019366 -0.017465 -0.015777 -0.014278 -0.012946 -0.011763 -0.010712 -0.009777
 -0.008946 -0.008207 -0.007550 -0.006966 -0.006445 -0.005983 -0.005570 -0.005204
 -0.004877 -0.004586 -0.004337 -0.004077 -0.003807 -0.003524 -0.003230 -0.002921
 -0.002599 -0.002262 -0.001909 -0.001540 -0.001155 -0.000752 -0.000331  0.000108
  0.000566  0.001042  0.001536  0.002050  0.002584  0.003139  0.003715  0.004314
  0.004935  0.005580  0.006251  0.006948  0.007674  0.008431  0.009226  0.010070
  0.010961  0.011899  0.012879  0.013898  0.014950  0.016019  0.017089  0.018157
  0.019221  0.020279  0.021331  0.022377  0.023427  0.024488  0.025561  0.026647
  0.027746  0.028859  0.029982  0.031110  0.032235  0.033355  0.034469  0.035573
  0.036667  0.037747  0.038819  0.039880  0.040931  0.041971  0.042998  0.044010
  0.045008  0.045987  0.046949  0.047890  0.048809  0.049705  0.050576  0.051420
  0.052307  0.053245  0.054238  0.055288  0.056398  0.057571  0.058811  0.060121
  0.061442  0.062764  0.064105  0.065462  0.066831  0.068209  0.069591
  1.000000  0.000000
 -0.038406 -0.038577 -0.038724 -0.038851 -0.038961 -0.039057 -0.039139 -0.039211
 -0.039274 -0.039329 -0.039377 -0.039419 -0.039456 -0.039488 -0.039517 -0.039542
 -0.039564 -0.039584 -0.039601 -0.039616 -0.039630 -0.039642 -0.039652 -0.039662
 -0.039670 -0.039678 -0.037705 -0.036774 -0.036060 -0.035525 -0.035114 -0.034715
 -0.034307 -0.033889 -0.033458 -0.033012 -0.032552 -0.032074 -0.031577 -0.031064
 -0.030528 -0.029974 -0.029396 -0.028797 -0.028171 -0.027519 -0.026837 -0.026124
 -0.025377 -0.024595 -0.023772 -0.022905 -0.021990 -0.021022 -0.019987 -0.018869
 -0.017664 -0.016369 -0.014985 -0.013512 -0.011956 -0.010337 -0.008678 -0.006987
 -0.005270 -0.003531 -0.001773  0.000000  0.001800  0.003641  0.005519  0.007432
  0.009377  0.011354  0.013355  0.015362  0.017360  0.019348  0.021315  0.023255
  0.025167  0.027045  0.028892  0.030711  0.032499  0.034252  0.035971  0.037653
  0.039296  0.040898  0.042457  0.043972  0.045441  0.046545  0.046958  0.045549
  0.047473  0.049507  0.051656  0.053928  0.056329  0.058866  0.061547  0.064380
  0.067369  0.070522  0.073849  0.077358  0.081059  0.084961  0.089074
  1.000000
  0.000000  0.000000  0.000000  0.000000  0.000000  0.000000  0.000000  0.000000
  0.000000  0.000000  0.000000  0.000000  0.000000  0.000000  0.000000  0.000000
  0.000000  0.000000  0.000000  0.000000  0.000000  0.000000  0.000000  0.000000
  0.000000  0.000000  0.003901  0.005721  0.007078  0.008103  0.008913  0.009687
  0.010470  0.011263  0.012071  0.012892  0.013725  0.014574  0.015441  0.016317
  0.017208  0.018114  0.019024  0.019943  0.020877  0.021810  0.022753  0.023700
  0.024645  0.025595  0.026534  0.027478  0.028400  0.029317  0.030218  0.031110
  0.031979  0.032807  0.033577  0.034271  0.034880  0.035371  0.035750  0.036001
  0.036127  0.036136  0.036030  0.035814  0.035488  0.035056  0.034517  0.033873
  0.033118  0.032262  0.031319  0.030293  0.029184  0.028027  0.026818  0.025557
  0.024274  0.022965  0.021627  0.020279  0.018916  0.017542  0.016172  0.014803
  0.013440  0.012092  0.010758  0.009446  0.008159  0.006583  0.004396  0.000001
  0.000001  0.000000  0.000000  0.000000  0.000000  0.000000  0.000000  0.000000
  0.000000  0.000000  0.000000  0.000000  0.000000  0.000000  0.000000
  1.000000  0.000000
  1.203823  1.203874  1.203760  1.203530  1.203222  1.202863  1.202477  1.202079
  1.201681  1.201292  1.200917  1.200561  1.200226  1.199913  1.199623  1.199355
  1.199110  1.198885  1.198680  1.198493  1.198324  1.198171  1.198033  1.197908
  1.197796  1.197695  1.197540  1.197375  1.197201  1.197015  1.196817  1.196606
  1.196381  1.196140  1.195882  1.195606  1.195310  1.194993  1.194654  1.194291
  1.193902  1.193486  1.193043  1.192568  1.192061  1.191518  1.190938  1.190316
  1.189651  1.188939  1.188177  1.187359  1.186481  1.185537  1.184514  1.183395
  1.182177  1.180856  1.179437  1.177922  1.176319  1.174656  1.172962  1.171250
  1.169531  1.167814  1.166106  1.164415  1.162732  1.161052  1.159382  1.157726
  1.156091  1.154486  1.152916  1.151399  1.149947  1.148561  1.147248  1.146008
  1.144842  1.143750  1.142726  1.141768  1.140875  1.140044  1.139274  1.138562
  1.137907  1.137305  1.136755  1.136254  1.135799  1.135388  1.135018  1.134686
  1.134423  1.134147  1.133856  1.133548  1.133224  1.132881  1.132518  1.132131
  1.131645  1.131035  1.130320  1.129488  1.128527  1.127423  1.126162
 ***************************************************************
  ROW NUMBER           1  SECTION NUMBER            2
           0           0           0  IF_DESIGN etc 
   1.00000   0.00000    0
 -0.032985 -0.029766 -0.026897 -0.024339 -0.022058 -0.020024 -0.018211 -0.016594
 -0.015152 -0.013867 -0.012721 -0.011699 -0.010789 -0.009976 -0.009252 -0.008606
 -0.008031 -0.007517 -0.007060 -0.006652 -0.006288 -0.005964 -0.005674 -0.005416
 -0.005187 -0.004982 -0.004777 -0.004562 -0.004338 -0.004102 -0.003855 -0.003594
 -0.003320 -0.003032 -0.002728 -0.002408 -0.002071 -0.001716 -0.001342 -0.000948
 -0.000534 -0.000100  0.000356  0.000835  0.001337  0.001865  0.002419  0.003001
  0.003613  0.004256  0.004932  0.005644  0.006396  0.007189  0.008034  0.008942
  0.009915  0.010953  0.012051  0.013207  0.014414  0.015653  0.016904  0.018160
  0.019415  0.020666  0.021909  0.023143  0.024376  0.025613  0.026854  0.028097
  0.029340  0.030579  0.031812  0.033027  0.034218  0.035380  0.036513  0.037613
  0.038679  0.039711  0.040712  0.041684  0.042626  0.043538  0.044420  0.045273
  0.046096  0.046889  0.047652  0.048386  0.049090  0.049765  0.050409  0.051024
  0.051639  0.052289  0.052977  0.053703  0.054471  0.055283  0.056141  0.057048
  0.058007  0.059021  0.060093  0.061226  0.062423  0.063689  0.065028
  1.000000  0.000000
 -0.023888 -0.024001 -0.024101 -0.024190 -0.024270 -0.024341 -0.024404 -0.024461
 -0.024511 -0.024556 -0.024596 -0.024632 -0.024663 -0.024692 -0.024717 -0.024740
 -0.024760 -0.024778 -0.024794 -0.024808 -0.024821 -0.024832 -0.024842 -0.024851
 -0.024859 -0.024866 -0.023559 -0.022944 -0.022473 -0.022122 -0.021852 -0.021591
 -0.021325 -0.021051 -0.020770 -0.020478 -0.020178 -0.019866 -0.019543 -0.019208
 -0.018859 -0.018497 -0.018121 -0.017730 -0.017323 -0.016898 -0.016454 -0.015989
 -0.015503 -0.014993 -0.014456 -0.013891 -0.013294 -0.012663 -0.011987 -0.011256
 -0.010468 -0.009620 -0.008714 -0.007747 -0.006725 -0.005660 -0.004567 -0.003451
 -0.002316 -0.001165  0.000000  0.001177  0.002374  0.003599  0.004851  0.006129
  0.007429  0.008752  0.010092  0.011438  0.012779  0.014115  0.015437  0.016742
  0.018028  0.019292  0.020536  0.021761  0.022966  0.024147  0.025304  0.026437
  0.027543  0.028622  0.029671  0.030690  0.031677  0.032422  0.032706  0.031780
  0.033065  0.034424  0.035861  0.037379  0.038985  0.040682  0.042476  0.044372
  0.046377  0.048496  0.050736  0.053105  0.055608  0.058255  0.061052
  1.000000
  0.000000  0.000000  0.000000  0.000000  0.000000  0.000000  0.000000  0.000000
  0.000000  0.000000  0.000000  0.000000  0.000000  0.000000  0.000000  0.000000
  0.000000  0.000000  0.000000  0.000000  0.000000  0.000000  0.000000  0.000000
  0.000000  0.000000  0.002592  0.003801  0.004703  0.005383  0.005921  0.006436
  0.006956  0.007483  0.008020  0.008565  0.009118  0.009682  0.010258  0.010840
  0.011432  0.012034  0.012638  0.013249  0.013870  0.014489  0.015116  0.015745
  0.016373  0.017004  0.017628  0.018255  0.018867  0.019477  0.020076  0.020668
  0.021245  0.021795  0.022307  0.022768  0.023173  0.023499  0.023750  0.023917
  0.024001  0.024007  0.023937  0.023793  0.023576  0.023290  0.022932  0.022503
  0.022002  0.021434  0.020807  0.020125  0.019389  0.018620  0.017816  0.016979
  0.016127  0.015257  0.014368  0.013472  0.012567  0.011654  0.010744  0.009834
  0.008929  0.008033  0.007147  0.006276  0.005420  0.004373  0.002921  0.000001
  0.000000  0.000000  0.000000  0.000000  0.000000  0.000000  0.000000  0.000000
  0.000000  0.000000  0.000000  0.000000  0.000000  0.000000  0.000000
  1.000000  0.000000
  1.300000  1.300000  1.300000  1.300000  1.300000  1.300000  1.300000  1.300000
  1.300000  1.300000  1.300000  1.300000  1.300000  1.300000  1.300000  1.300000
  1.300000  1.300000  1.300000  1.300000  1.300000  1.300000  1.300000  1.300000
  1.300000  1.300000  1.300000  1.300000  1.300000  1.300000  1.300000  1.300000
  1.300000  1.300000  1.300000  1.300000  1.300000  1.300000  1.300000  1.300000
  1.300000  1.300000  1.300000  1.300000  1.300000  1.300000  1.300000  1.300000
  1.300000  1.300000  1.300000  1.300000  1.300000  1.300000  1.300000  1.300000
  1.300000  1.300000  1.300000  1.300000  1.300000  1.300000  1.300000  1.300000
  1.300000  1.300000  1.300000  1.300000  1.300000  1.300000  1.300000  1.300000
  1.300000  1.300000  1.300000  1.299999  1.300000  1.300000  1.300000  1.300000
  1.300000  1.300000  1.300000  1.300000  1.300000  1.300000  1.300000  1.300000
  1.300000  1.300000  1.300000  1.300000  1.300000  1.300000  1.300000  1.300000
  1.300000  1.300000  1.300000  1.300000  1.300000  1.300000  1.300000  1.300000
  1.300000  1.300000  1.300000  1.300000  1.300000  1.300000  1.300000
 ***************************************************************
  ROW NUMBER           1  SECTION NUMBER            3
           0           0           0  IF_DESIGN etc 
   1.00000   0.00000    0
 -0.046143 -0.041300 -0.036973 -0.033116 -0.029683 -0.026630 -0.023916 -0.021506
 -0.019366 -0.017465 -0.015777 -0.014278 -0.012946 -0.011763 -0.010712 -0.009777
 -0.008946 -0.008207 -0.007550 -0.006966 -0.006445 -0.005983 -0.005570 -0.005204
 -0.004877 -0.004586 -0.004337 -0.004077 -0.003807 -0.003524 -0.003230 -0.002921
 -0.002599 -0.002262 -0.001909 -0.001540 -0.001155 -0.000752 -0.000331  0.000108
  0.000566  0.001042  0.001536  0.002050  0.002584  0.003139  0.003715  0.004314
  0.004935  0.005580  0.006251  0.006948  0.007674  0.008431  0.009226  0.010070
  0.010961  0.011899  0.012879  0.013898  0.014950  0.016019  0.017089  0.018157
  0.019221  0.020279  0.021331  0.022377  0.023427  0.024488  0.025561  0.026647
  0.027746  0.028859  0.029982  0.031110  0.032235  0.033355  0.034469  0.035573
  0.036667  0.037747  0.038819  0.039880  0.040931  0.041971  0.042998  0.044010
  0.045008  0.045987  0.046949  0.047890  0.048809  0.049705  0.050576  0.051420
  0.052307  0.053245  0.054238  0.055288  0.056398  0.057571  0.058811  0.060121
  0.061442  0.062764  0.064105  0.065462  0.066831  0.068209  0.069591
  1.000000  0.000000
 -0.037169 -0.037337 -0.037490 -0.037631 -0.037759 -0.037876 -0.037982 -0.038078
 -0.038164 -0.038242 -0.038313 -0.038376 -0.038433 -0.038485 -0.038531 -0.038572
 -0.038609 -0.038642 -0.038672 -0.038698 -0.038722 -0.038744 -0.038763 -0.038780
 -0.038795 -0.038808 -0.036845 -0.035923 -0.035219 -0.034695 -0.034294 -0.033907
 -0.033510 -0.033105 -0.032687 -0.032255 -0.031810 -0.031347 -0.030868 -0.030371
 -0.029854 -0.029319 -0.028762 -0.028184 -0.027580 -0.026951 -0.026294 -0.025605
 -0.024885 -0.024130 -0.023335 -0.022498 -0.021613 -0.020676 -0.019674 -0.018589
 -0.017418 -0.016158 -0.014808 -0.013369 -0.011844 -0.010254 -0.008620 -0.006950
 -0.005249 -0.003521 -0.001771  0.000000  0.001803  0.003650  0.005540  0.007471
  0.009437  0.011439  0.013471  0.015512  0.017547  0.019575  0.021584  0.023567
  0.025523  0.027446  0.029338  0.031202  0.033035  0.034832  0.036593  0.038316
  0.039999  0.041639  0.043234  0.044783  0.046284  0.047418  0.047858  0.046474
  0.048417  0.050472  0.052644  0.054942  0.057371  0.059939  0.062654  0.065526
  0.068566  0.071785  0.075193  0.078801  0.082622  0.086669  0.090956
  1.000000
  0.000000  0.000000  0.000000  0.000000  0.000000  0.000000  0.000000  0.000000
  0.000000  0.000000  0.000000  0.000000  0.000000  0.000000  0.000000  0.000000
  0.000000  0.000000  0.000000  0.000000  0.000000  0.000000  0.000000  0.000000
  0.000000  0.000000  0.003901  0.005721  0.007078  0.008103  0.008913  0.009687
  0.010470  0.011263  0.012071  0.012892  0.013725  0.014574  0.015441  0.016317
  0.017208  0.018114  0.019024  0.019943  0.020877  0.021810  0.022753  0.023700
  0.024645  0.025595  0.026534  0.027478  0.028400  0.029317  0.030218  0.031110
  0.031979  0.032807  0.033577  0.034271  0.034880  0.035371  0.035750  0.036001
  0.036127  0.036136  0.036030  0.035814  0.035488  0.035056  0.034517  0.033873
  0.033118  0.032262  0.031319  0.030293  0.029184  0.028027  0.026818  0.025557
  0.024274  0.022965  0.021627  0.020279  0.018916  0.017542  0.016172  0.014803
  0.013440  0.012092  0.010758  0.009446  0.008159  0.006583  0.004396  0.000001
  0.000001  0.000000  0.000000  0.000000  0.000000  0.000000  0.000000  0.000000
  0.000000  0.000000  0.000000  0.000000  0.000000  0.000000  0.000000
  1.000000  0.000000
  1.396177  1.396126  1.396240  1.396470  1.396778  1.397137  1.397523  1.397921
  1.398319  1.398708  1.399083  1.399439  1.399774  1.400087  1.400377  1.400645
  1.400890  1.401115  1.401320  1.401507  1.401676  1.401829  1.401967  1.402092
  1.402204  1.402305  1.402460  1.402624  1.402799  1.402985  1.403183  1.403394
  1.403619  1.403860  1.404118  1.404394  1.404690  1.405007  1.405346  1.405709
  1.406098  1.406513  1.406957  1.407432  1.407939  1.408481  1.409062  1.409684
  1.410349  1.411060  1.411823  1.412641  1.413520  1.414463  1.415486  1.416604
  1.417823  1.419143  1.420563  1.422079  1.423681  1.425343  1.427038  1.428749
  1.430469  1.432186  1.433894  1.435585  1.437268  1.438948  1.440619  1.442274
  1.443909  1.445515  1.447084  1.448600  1.450053  1.451438  1.452752  1.453992
  1.455158  1.456251  1.457274  1.458232  1.459125  1.459956  1.460726  1.461439
  1.462093  1.462695  1.463245  1.463746  1.464201  1.464612  1.464983  1.465314
  1.465577  1.465853  1.466144  1.466452  1.466776  1.467119  1.467483  1.467869
  1.468355  1.468965  1.469680  1.470512  1.471473  1.472577  1.473838
 ***************************************************************
 ************STARTING THE INPUT FOR EACH BLADE ROW**************
  BLADE ROW NUMBER =        2                                           
    NUMBER OF BLADES IN ROW 
       166
        JM        JLE       JTE 
       111        21        91
      KTIPSTART  KTIPEND 
         0         0
       BOUNDARY LAYER TRANSITION POINTS 
         0         0         0         0
  SET NEWGRID= 1 TO GENERATE A NEW GRID WITH DIFFERENT "J" POINTS AND SPACINGS.
         0
   RPMROW,    RPMHUB 
    4000.0    4000.0
       JROTHS    JROTHE    JROTTS    JROTTE 
         1         1         1         1
   PUPROW    PLEROW   PTEROW    PDROW 
   77514.2   77514.2   45424.7   45424.7
      NSECS_ROW   INSURF  
         3         0
  IF_CUSP_OUT   IFANGLES 
         1         0
         0         3         0
 ***************************************************************
  ROW NUMBER           2  SECTION NUMBER            1
           0           0           0  IF_DESIGN etc 
   1.00000   0.00000    0
  0.039528  0.041617  0.043568  0.045384  0.047069  0.048628  0.050066  0.051389
  0.052641  0.053766  0.054775  0.055680  0.056491  0.057219  0.057871  0.058455
  0.058979  0.059449  0.059869  0.060246  0.060584  0.060902  0.061231  0.061573
  0.061928  0.062297  0.062680  0.063079  0.063493  0.063924  0.064372  0.064836
  0.065318  0.065817  0.066333  0.066865  0.067414  0.067977  0.068556  0.069150
  0.069759  0.070384  0.071022  0.071675  0.072341  0.073020  0.073714  0.074421
  0.075141  0.075880  0.076644  0.077429  0.078231  0.079042  0.079857  0.080671
  0.081471  0.082245  0.082994  0.083720  0.084424  0.085109  0.085779  0.086444
  0.087110  0.087781  0.088462  0.089155  0.089863  0.090588  0.091328  0.092081
  0.092846  0.093625  0.094415  0.095215  0.096025  0.096847  0.097680  0.098523
  0.099376  0.100235  0.101099  0.101966  0.102834  0.103701  0.104563  0.105418
  0.106263  0.107096  0.107914  0.108901  0.109973  0.111135  0.112397  0.113768
  0.115255  0.116871  0.118624  0.120528  0.122595  0.124838  0.127272  0.129910
  0.132768  0.135862  0.139206  0.142816  0.146706  0.150886  0.155364
  1.000000  0.000000
 -0.021895 -0.020816 -0.019852 -0.018990 -0.018220 -0.017532 -0.016915 -0.016364
 -0.015872 -0.015430 -0.015035 -0.014680 -0.014362 -0.014077 -0.013822 -0.013593
 -0.013388 -0.013204 -0.013039 -0.012891 -0.012758 -0.010790 -0.010165 -0.009654
 -0.009146 -0.008632 -0.008114 -0.007589 -0.007057 -0.006516 -0.005967 -0.005408
 -0.004841 -0.004270 -0.003694 -0.003115 -0.002534 -0.001951 -0.001378 -0.000808
 -0.000241  0.000307  0.000841  0.001363  0.001851  0.002320  0.002744  0.003132
  0.003469  0.003753  0.003958  0.004087  0.004102  0.003990  0.003740  0.003318
  0.002735  0.001986  0.001066  0.000000 -0.001233 -0.002605 -0.004111 -0.005773
 -0.007586 -0.009551 -0.011664 -0.013923 -0.016319 -0.018844 -0.021470 -0.024176
 -0.026944 -0.029761 -0.032615 -0.035481 -0.038352 -0.041233 -0.044120 -0.046996
 -0.049859 -0.052703 -0.055519 -0.058299 -0.061038 -0.063729 -0.066368 -0.068946
 -0.071459 -0.073900 -0.076936 -0.078743 -0.080694 -0.082801 -0.085076 -0.087533
 -0.090186 -0.093052 -0.096148 -0.099492 -0.103106 -0.107012 -0.111233 -0.115798
 -0.120735 -0.126076 -0.131858 -0.138119 -0.144903 -0.152259 -0.160242
  1.000000
  0.000000  0.000000  0.000000  0.000000  0.000000  0.000000  0.000000  0.000000
  0.000000  0.000000  0.000000  0.000000  0.000000  0.000000  0.000000  0.000000
  0.000000  0.000000  0.000000  0.000000  0.000000  0.004021  0.005356  0.006428
  0.007428  0.008390  0.009306  0.010166  0.010964  0.011740  0.012528  0.013332
  0.014150  0.014980  0.015824  0.016680  0.017547  0.018428  0.019312  0.020205
  0.021111  0.022015  0.022923  0.023840  0.024746  0.025659  0.026556  0.027450
  0.028330  0.029203  0.030056  0.030897  0.031691  0.032429  0.033103  0.033680
  0.034159  0.034519  0.034757  0.034887  0.034888  0.034784  0.034581  0.034263
  0.033842  0.033319  0.032694  0.031970  0.031149  0.030238  0.029244  0.028184
  0.027068  0.025900  0.024683  0.023445  0.022185  0.020901  0.019592  0.018280
  0.016961  0.015638  0.014315  0.013004  0.011703  0.010419  0.009152  0.007911
  0.006471  0.004377  0.000001  0.000001  0.000000  0.000000  0.000000  0.000000
  0.000000  0.000000  0.000000  0.000000  0.000000  0.000000  0.000000  0.000000
  0.000000  0.000000  0.000000  0.000000  0.000000  0.000000  0.000000
  1.000000  0.000000
  1.142080  1.140321  1.138867  1.137671  1.136689  1.135886  1.135231  1.134698
  1.134325  1.133994  1.133698  1.133434  1.133197  1.132984  1.132793  1.132622
  1.132468  1.132330  1.132206  1.132094  1.131994  1.131869  1.131734  1.131588
  1.131431  1.131261  1.131076  1.130876  1.130659  1.130422  1.130165  1.129886
  1.129582  1.129251  1.128892  1.128501  1.128078  1.127619  1.127121  1.126582
  1.125996  1.125362  1.124673  1.123927  1.123118  1.122240  1.121287  1.120251
  1.119124  1.117890  1.116523  1.115017  1.113368  1.111573  1.109638  1.107569
  1.105400  1.103170  1.100895  1.098591  1.096271  1.093948  1.091629  1.089306
  1.086974  1.084639  1.082311  1.079999  1.077714  1.075468  1.073285  1.071182
  1.069166  1.067244  1.065420  1.063695  1.062070  1.060539  1.059099  1.057747
  1.056482  1.055303  1.054206  1.053189  1.052250  1.051383  1.050588  1.049860
  1.049196  1.048593  1.048047  1.047663  1.047263  1.046848  1.046419  1.045980
  1.045531  1.045079  1.044627  1.044182  1.043751  1.043345  1.042976  1.042658
  1.042409  1.042252  1.042212  1.042322  1.042621  1.043155  1.043981
 ***************************************************************
  ROW NUMBER           2  SECTION NUMBER            2
           0           0           0  IF_DESIGN etc 
   1.00000   0.00000    0
  0.049081  0.050460  0.051697  0.052805  0.053799  0.054691  0.055490  0.056206
  0.056848  0.057424  0.057940  0.058403  0.058818  0.059190  0.059524  0.059823
  0.060091  0.060331  0.060547  0.060740  0.060913  0.061087  0.061268  0.061457
  0.061657  0.061866  0.062086  0.062317  0.062561  0.062818  0.063088  0.063373
  0.063673  0.063989  0.064322  0.064672  0.065039  0.065424  0.065829  0.066253
  0.066699  0.067167  0.067659  0.068176  0.068719  0.069291  0.069893  0.070528
  0.071198  0.071912  0.072680  0.073503  0.074379  0.075308  0.076284  0.077304
  0.078351  0.079408  0.080470  0.081531  0.082588  0.083638  0.084681  0.085723
  0.086769  0.087817  0.088868  0.089918  0.090965  0.092007  0.093034  0.094040
  0.095023  0.095980  0.096909  0.097811  0.098683  0.099529  0.100350  0.101146
  0.101916  0.102662  0.103383  0.104078  0.104748  0.105394  0.106014  0.106609
  0.107179  0.107724  0.108243  0.108763  0.109324  0.109930  0.110584  0.111289
  0.112052  0.112874  0.113762  0.114721  0.115756  0.116873  0.118080  0.119382
  0.120788  0.122305  0.123944  0.125712  0.127622  0.129683  0.131908
  1.000000  0.000000
 -0.009414 -0.008900 -0.008439 -0.008026 -0.007656 -0.007324 -0.007026 -0.006759
 -0.006520 -0.006305 -0.006113 -0.005940 -0.005786 -0.005647 -0.005523 -0.005411
 -0.005312 -0.005222 -0.005142 -0.005070 -0.005005 -0.004039 -0.003733 -0.003482
 -0.003234 -0.002982 -0.002728 -0.002471 -0.002210 -0.001945 -0.001676 -0.001403
 -0.001125 -0.000845 -0.000563 -0.000279  0.000006  0.000292  0.000573  0.000852
  0.001131  0.001400  0.001662  0.001919  0.002159  0.002390  0.002600  0.002792
  0.002959  0.003100  0.003203  0.003269  0.003280  0.003228  0.003108  0.002904
  0.002621  0.002255  0.001805  0.001282  0.000676  0.000000 -0.000743 -0.001564
 -0.002462 -0.003436 -0.004485 -0.005608 -0.006800 -0.008058 -0.009368 -0.010719
 -0.012102 -0.013511 -0.014939 -0.016373 -0.017811 -0.019254 -0.020701 -0.022141
 -0.023576 -0.025001 -0.026412 -0.027804 -0.029175 -0.030522 -0.031843 -0.033132
 -0.034388 -0.035607 -0.037117 -0.038019 -0.038992 -0.040043 -0.041177 -0.042401
 -0.043723 -0.045150 -0.046691 -0.048354 -0.050149 -0.052087 -0.054180 -0.056438
 -0.058877 -0.061509 -0.064351 -0.067419 -0.070731 -0.074307 -0.078167
  1.000000
  0.000000  0.000000  0.000000  0.000000  0.000000  0.000000  0.000000  0.000000
  0.000000  0.000000  0.000000  0.000000  0.000000  0.000000  0.000000  0.000000
  0.000000  0.000000  0.000000  0.000000  0.000000  0.001975  0.002631  0.003157
  0.003648  0.004121  0.004571  0.004993  0.005385  0.005766  0.006153  0.006547
  0.006949  0.007357  0.007771  0.008192  0.008618  0.009051  0.009485  0.009923
  0.010368  0.010812  0.011258  0.011709  0.012154  0.012602  0.013042  0.013481
  0.013913  0.014342  0.014761  0.015174  0.015564  0.015927  0.016258  0.016541
  0.016776  0.016953  0.017070  0.017134  0.017134  0.017083  0.016984  0.016828
  0.016621  0.016364  0.016057  0.015701  0.015298  0.014851  0.014363  0.013842
  0.013294  0.012720  0.012123  0.011515  0.010896  0.010265  0.009622  0.008978
  0.008330  0.007680  0.007030  0.006386  0.005748  0.005117  0.004495  0.003885
  0.003178  0.002149  0.000001  0.000000  0.000000  0.000000  0.000000  0.000000
  0.000000  0.000000  0.000000  0.000000  0.000000  0.000000  0.000000  0.000000
  0.000000  0.000000  0.000000  0.000000  0.000000  0.000000  0.000000
  1.000000  0.000000
  1.300000  1.300000  1.300000  1.300000  1.300000  1.300000  1.300000  1.300000
  1.300000  1.300000  1.300000  1.300000  1.300000  1.300000  1.300000  1.300000
  1.300000  1.300000  1.300000  1.300000  1.300000  1.300000  1.300000  1.300000
  1.300000  1.300000  1.300000  1.300000  1.300000  1.300000  1.300000  1.300000
  1.300000  1.300000  1.300000  1.300000  1.300000  1.300000  1.300000  1.300000
  1.300000  1.300000  1.300000  1.300000  1.300000  1.300000  1.300000  1.300000
  1.300000  1.300000  1.300000  1.300000  1.300000  1.300000  1.300000  1.300000
  1.299999  1.300000  1.300000  1.300000  1.300000  1.300000  1.300000  1.300000
  1.300000  1.300000  1.300000  1.300000  1.300000  1.300000  1.300000  1.300000
  1.300000  1.300000  1.300000  1.300000  1.300000  1.300000  1.300000  1.300000
  1.300000  1.300000  1.300000  1.300000  1.300000  1.300000  1.300000  1.300000
  1.300000  1.300000  1.300000  1.300000  1.300000  1.300000  1.300000  1.300000
  1.300000  1.300000  1.300000  1.300000  1.300000  1.300000  1.300000  1.300000
  1.300000  1.300000  1.300000  1.300000  1.300000  1.300000  1.300000
 ***************************************************************
  ROW NUMBER           2  SECTION NUMBER            3
           0           0           0  IF_DESIGN etc 
   1.00000   0.00000    0
  0.039528  0.041617  0.043568  0.045384  0.047069  0.048628  0.050066  0.051389
  0.052641  0.053766  0.054775  0.055680  0.056491  0.057219  0.057871  0.058455
  0.058979  0.059449  0.059869  0.060246  0.060584  0.060902  0.061231  0.061573
  0.061928  0.062297  0.062680  0.063079  0.063493  0.063924  0.064372  0.064836
  0.065318  0.065817  0.066333  0.066865  0.067414  0.067977  0.068556  0.069150
  0.069759  0.070384  0.071022  0.071675  0.072341  0.073021  0.073714  0.074421
  0.075141  0.075880  0.076644  0.077430  0.078231  0.079042  0.079858  0.080672
  0.081471  0.082245  0.082995  0.083720  0.084424  0.085109  0.085780  0.086444
  0.087110  0.087782  0.088463  0.089156  0.089864  0.090589  0.091329  0.092081
  0.092847  0.093625  0.094415  0.095216  0.096026  0.096848  0.097681  0.098524
  0.099376  0.100236  0.101100  0.101967  0.102835  0.103702  0.104564  0.105419
  0.106264  0.107097  0.107915  0.108902  0.109974  0.111136  0.112398  0.113769
  0.115256  0.116872  0.118625  0.120530  0.122596  0.124839  0.127273  0.129911
  0.132769  0.135863  0.139207  0.142817  0.146707  0.150887  0.155366
  1.000000  0.000000
 -0.021685 -0.020664 -0.019746 -0.018921 -0.018179 -0.017513 -0.016914 -0.016377
 -0.015894 -0.015460 -0.015072 -0.014723 -0.014411 -0.014131 -0.013879 -0.013654
 -0.013452 -0.013271 -0.013109 -0.012963 -0.012833 -0.010867 -0.010244 -0.009735
 -0.009229 -0.008717 -0.008202 -0.007680 -0.007150 -0.006612 -0.006065 -0.005509
 -0.004944 -0.004375 -0.003802 -0.003225 -0.002646 -0.002065 -0.001492 -0.000924
 -0.000358  0.000191  0.000725  0.001248  0.001738  0.002210  0.002638  0.003031
  0.003373  0.003664  0.003878  0.004016  0.004041  0.003941  0.003702  0.003292
  0.002719  0.001978  0.001064  0.000000 -0.001235 -0.002615 -0.004132 -0.005812
 -0.007651 -0.009647 -0.011800 -0.014105 -0.016557 -0.019145 -0.021841 -0.024624
 -0.027474 -0.030378 -0.033324 -0.036284 -0.039252 -0.042230 -0.045217 -0.048191
 -0.051153 -0.054094 -0.057007 -0.059880 -0.062709 -0.065488 -0.068210 -0.070868
 -0.073456 -0.075968 -0.079070 -0.080926 -0.082929 -0.085090 -0.087423 -0.089942
 -0.092659 -0.095592 -0.098757 -0.102172 -0.105856 -0.109831 -0.114118 -0.118741
 -0.123725 -0.129098 -0.134888 -0.141125 -0.147841 -0.155069 -0.162844
  1.000000
  0.000000  0.000000  0.000000  0.000000  0.000000  0.000000  0.000000  0.000000
  0.000000  0.000000  0.000000  0.000000  0.000000  0.000000  0.000000  0.000000
  0.000000  0.000000  0.000000  0.000000  0.000000  0.004021  0.005356  0.006428
  0.007428  0.008390  0.009306  0.010166  0.010964  0.011740  0.012528  0.013332
  0.014150  0.014980  0.015824  0.016680  0.017547  0.018428  0.019312  0.020205
  0.021111  0.022015  0.022923  0.023840  0.024746  0.025659  0.026556  0.027450
  0.028330  0.029203  0.030056  0.030897  0.031691  0.032429  0.033103  0.033680
  0.034159  0.034519  0.034757  0.034887  0.034888  0.034784  0.034581  0.034263
  0.033843  0.033319  0.032694  0.031970  0.031150  0.030238  0.029244  0.028185
  0.027068  0.025900  0.024683  0.023445  0.022185  0.020901  0.019592  0.018280
  0.016961  0.015638  0.014315  0.013004  0.011703  0.010419  0.009152  0.007911
  0.006471  0.004377  0.000001  0.000001  0.000000  0.000000  0.000000  0.000000
  0.000000  0.000000  0.000000  0.000000  0.000000  0.000000  0.000000  0.000000
  0.000000  0.000000  0.000000  0.000000  0.000000  0.000000  0.000000
  1.000000  0.000000
  1.457920  1.459679  1.461133  1.462330  1.463311  1.464114  1.464769  1.465302
  1.465675  1.466006  1.466302  1.466566  1.466803  1.467016  1.467207  1.467378
  1.467532  1.467670  1.467794  1.467906  1.468006  1.468131  1.468266  1.468412
  1.468569  1.468739  1.468924  1.469124  1.469341  1.469578  1.469834  1.470114
  1.470418  1.470749  1.471109  1.471499  1.471922  1.472381  1.472879  1.473418
  1.474004  1.474638  1.475327  1.476073  1.476883  1.477760  1.478713  1.479749
  1.480875  1.482110  1.483476  1.484982  1.486632  1.488427  1.490362  1.492431
  1.494600  1.496830  1.499105  1.501409  1.503730  1.506053  1.508370  1.510693
  1.513026  1.515360  1.517689  1.520001  1.522286  1.524532  1.526714  1.528818
  1.530833  1.532756  1.534580  1.536305  1.537930  1.539461  1.540901  1.542253
  1.543517  1.544697  1.545794  1.546811  1.547751  1.548617  1.549412  1.550140
  1.550803  1.551407  1.551953  1.552337  1.552737  1.553152  1.553580  1.554020
  1.554469  1.554921  1.555373  1.555818  1.556249  1.556654  1.557024  1.557342
  1.557591  1.557748  1.557788  1.557678  1.557379  1.556845  1.556019
  STARTING INLET BOUNDARY CONDITION DATA .
  NUMBER OF POINTS FOR INLET BOUNDARY CONDITIONS 
        30
  SPACING OF INLET BOUNDARY CONDITION POINTS 
  1.000000  1.250000  1.562500  1.953125  2.441406  3.051758  3.814697  4.768372
  5.960464  7.450581  9.313226 11.641532 14.551915 18.189894 20.000000 18.189894
 14.551915 11.641532  9.313226  7.450581  5.960464  4.768372  3.814697  3.051758
  2.441406  1.953125  1.562500  1.250000  1.000000
   INLET STAGNATION PRESSURES 
  176000.0  176000.0  176000.0  176000.0  176000.0  176000.0  176000.0  176000.0
  176000.0  176000.0  176000.0  176000.0  176000.0  176000.0  176000.0  176000.0
  176000.0  176000.0  176000.0  176000.0  176000.0  176000.0  176000.0  176000.0
  176000.0  176000.0  176000.0  176000.0  176000.0  176000.0
   INLET STAGNATION TEMPERATURES 
 1360.0000 1359.9999 1359.9999 1360.0000 1359.9999 1360.0000 1360.0000 1360.0000
 1360.0000 1360.0001 1360.0000 1360.0000 1360.0001 1360.0000 1360.0000 1360.0000
 1360.0000 1360.0000 1360.0000 1360.0000 1360.0000 1360.0000 1360.0000 1360.0000
 1360.0000 1360.0000 1360.0000 1360.0000 1360.0000 1360.0000
   INLET ABSOLUTE TANGENTIAL VELOCITY 
    0.0000    0.0000    0.0000    0.0000    0.0000    0.0000    0.0000    0.0000
    0.0000    0.0000    0.0000    0.0000    0.0000    0.0000    0.0000    0.0000
    0.0000    0.0000    0.0000    0.0000    0.0000    0.0000    0.0000    0.0000
    0.0000    0.0000    0.0000    0.0000    0.0000    0.0000
   INLET MERIDIONAL VELOCITY 
  326.7254  326.7254  326.7254  326.7254  326.7254  326.7254  326.7254  326.7254
  326.7254  326.7254  326.7254  326.7254  326.7254  326.7254  326.7254  326.7254
  326.7254  326.7254  326.7254  326.7254  326.7254  326.7254  326.7254  326.7254
  326.7254  326.7254  326.7254  326.7254  326.7254  326.7254
   INLET MERIDIONAL YAW ANGLE  
   -0.0000   -0.0000   -0.0000   -0.0000   -0.0000   -0.0000   -0.0000   -0.0000
   -0.0000   -0.0000   -0.0000   -0.0000   -0.0000   -0.0000   -0.0000   -0.0000
   -0.0000   -0.0000   -0.0000   -0.0000   -0.0000   -0.0000   -0.0000   -0.0000
   -0.0000   -0.0000   -0.0000   -0.0000   -0.0000   -0.0000
   INLET PITCH ANGLE 
   -2.3024   -2.2787   -2.2490   -2.2119   -2.1655   -2.1075   -2.0350   -1.9444
   -1.8312   -1.6896   -1.5127   -1.2915   -1.0151   -0.6695   -0.2375    0.2375
    0.6695    1.0151    1.2915    1.5127    1.6896    1.8312    1.9444    2.0350
    2.1075    2.1655    2.2119    2.2490    2.2787    2.3024
   PDOWN_HUB   PDOWN_TIP 
   45424.7   45424.7
 MIXING LENGTH LIMITS ON ALL BLADE ROWS
  0.050000  0.050000  0.050000  0.050000  0.050000  0.030000
  0.050000  0.050000  0.050000  0.050000  0.050000  0.030000
  FACTOR TO INCREASE THE TURBULENT VISCOSITY OVER THE FIRST NMIXUP STEPS 
   2.00000 1000
